-31.346750874451324 -31.26383042279412 -31.547813280943746
-29.044987167977936 -28.92296875 -29.24400128013524
-28.09731095501352 -28.032483915441176 -28.29036062757252
-27.81766373304985 -27.704354319852943 -28.023937457124656
-27.69428358064548 -27.673705193014705 -27.98896227888573
-27.5949762526454 -27.4948828125 -27.827898756002547
-27.609279701339357 -27.55978515625 -27.8732869003577
-27.5222702636336 -27.48358455882353 -27.81024674759898
-27.469443039416443 -27.47044921875 -27.729919026852215
-27.434344427883484 -27.400502068014706 -27.713164720942768
-27.394923314048047 -27.417593060661765 -27.6759508372942
-27.378317388476837 -27.36087086397059 -27.683589921844376
-27.338369644291816 -27.288227251838236 -27.6353662626176
-27.316824339385093 -27.32422679227941 -27.54432583116915
-27.33919480056631 -27.319934512867647 -27.575251969203254
-27.214295457384583 -27.21780101102941 -27.48696206757154
-27.24773725003429 -27.243892463235294 -27.51105647907683
-27.258586600686822 -27.19512867647059 -27.544104946589574
-27.190169510674675 -27.202084099264706 -27.44944767370639
-27.169177703450774 -27.193871783088234 -27.43886014369365
-27.192292106545892 -27.17687614889706 -27.493953428189926
-27.14909226686197 -27.19303883272059 -27.45098544382105
-27.120472739531078 -27.09186580882353 -27.40373872990984
-27.08288082416425 -27.075824908088236 -27.371999491620933
-27.09097378544345 -27.065174632352942 -27.39449641378381
-27.050007149313178 -27.043766084558822 -27.343427669296354
-27.07815653658489 -27.127242647058825 -27.375949765410624
-27.064749278026532 -27.062306985294118 -27.336463105767347
-27.04924039695681 -27.05061236213235 -27.35446232788612
-26.996120234607698 -26.983490349264706 -27.292413284618778
-27.030922157298363 -27.055436580882354 -27.33880364011662
-27.012273166224134 -27.044176240808824 -27.32617991412681
-26.973242355899238 -26.94808823529412 -27.230773088372207
-26.98946310648221 -27.012651654411766 -27.317540915327324
-26.93810424709006 -26.971275275735294 -27.23830728145825
-26.940934196313098 -26.95883042279412 -27.274581352900825
-26.890914340511834 -26.901315487132354 -27.208581653028226
-26.90942049841276 -26.908082490808823 -27.22964684498726
-26.904418505178125 -26.931281020220588 -27.22136386466092
-26.8994790492975 -26.920206801470588 -27.247429010682087
-26.897372068628506 -26.889246323529413 -27.221111972020775
-26.858362231663467 -26.873396139705882 -27.178873251298512
-26.883106203583047 -26.918620174632352 -27.209332737161898
-26.86687565522613 -26.876469439338237 -27.16518644649157
-26.877090829651003 -26.883128446691178 -27.208012406286752
-26.846006167086337 -26.880716911764704 -27.18348771008918
-26.81955179470724 -26.862810202205882 -27.094500318502547
-26.835600012614634 -26.83138671875 -27.14557021143669
-26.805297181792795 -26.825428538602942 -27.116550112088397
-26.801884418110205 -26.84470588235294 -27.115623315611526
-26.79908791909978 -26.820326286764708 -27.112374359932378
-26.811633509366672 -26.83557444852941 -27.111700604542335
-26.773228072581908 -26.78889476102941 -27.09284923498138
-26.75811470009014 -26.774859834558825 -27.081020999730498
-26.77464254965022 -26.821530330882354 -27.0910205250392
-26.73880964088709 -26.76565602022059 -27.053845688578008
-26.727438941497493 -26.778822380514708 -27.06155674245394
-26.72331017486577 -26.74802619485294 -27.048562833815172
-26.711137971640344 -26.754682904411766 -27.028121248407487
-26.703767749279862 -26.692627527573528 -27.029600830556646
-26.693868706154962 -26.69565487132353 -27.0191369499706
-26.71883404652963 -26.763583409926472 -27.05726997378479
-26.677108389098997 -26.681216681985294 -27.00726469093003
-26.690626178794677 -26.72790096507353 -27.025250514504116
-26.6855366179554 -26.73092486213235 -27.03266335505684
-26.687327696959752 -26.702454044117648 -26.999975882619562
-26.650818741794364 -26.69028147977941 -26.975593210995687
-26.65439385765304 -26.670913373161763 -26.99157958888671
-26.649776580135992 -26.695544577205883 -26.98133199909349
-26.633750943035743 -26.66369025735294 -26.96449959880929
-26.637477388574816 -26.673776424632354 -26.980572493017444
-26.627580488712965 -26.653100873161765 -26.963364550666405
-26.633330251116945 -26.662682674632354 -26.967019290841826
-26.62078435466962 -26.639411764705883 -26.954393267958643
-26.610347505609226 -26.62830997242647 -26.933847556717954
-26.611564725931768 -26.62222771139706 -26.954035335407685
-26.62020337729268 -26.64832146139706 -26.970861227827324
-26.603627457404176 -26.626796875 -26.941447594080753
-26.598402564812275 -26.630032169117648 -26.93961237627401
-26.58554490013619 -26.625544577205883 -26.926673975891806
-26.579668532122003 -26.617722886029412 -26.934307318208546
-26.57807095915308 -26.624496783088237 -26.92730677001666
-26.570493835363106 -26.60494025735294 -26.913390275872207
-26.570164691394616 -26.60136833639706 -26.90054949345845
-26.564610119018457 -26.58938419117647 -26.92343956720404
-26.565281113443525 -26.595626148897058 -26.90327322618581
-26.55600928094137 -26.590522748161764 -26.89336940476774
-26.551410910066235 -26.590403262867646 -26.896709087735204
-26.546293716442623 -26.576883042279412 -26.893102582320658
-26.54611368234637 -26.577074908088235 -26.886900587392198
-26.541083061240986 -26.58252987132353 -26.891772681056448
-26.537658739246943 -26.58398322610294 -26.88472160121031
-26.52771086034253 -26.558150275735294 -26.87179123995492
-26.537582653408645 -26.575250459558823 -26.890997096726775
-26.528979595523396 -26.571573988970588 -26.879198338274207
-26.524968019453482 -26.570960477941178 -26.869952959623678
-26.51787305330479 -26.566714154411766 -26.864170913367307
-26.518619138481736 -26.56081916360294 -26.86319511649843
-26.51410902411722 -26.55647518382353 -26.86321310882987
-26.512326441619965 -26.553499540441177 -26.863336758256565
-26.370180413759993 -26.439495634191175 -26.751503699529597
-26.35007499889775 -26.433597196691178 -26.747231860667384
-26.340100482295423 -26.43462086397059 -26.747806466826734
-26.333570189415465 -26.436872702205882 -26.74906133624069
-26.329087401654846 -26.43848805147059 -26.750378221775776
-26.325497818770575 -26.439874770220587 -26.751379284471774
