-48.9704793211601 -53.47146765099389 -50.80354585667006
-37.66087686661926 -41.06326452599389 -39.17905502163951
-31.008461689861846 -33.90341289181957 -32.09883170506619
-26.79674286049878 -29.663841504204893 -27.82828013620163
-23.82228110079744 -26.210280485474005 -24.630793740453157
-22.21007680757314 -24.298507083811163 -23.08800598268839
-21.01069933144555 -22.993270080753057 -21.747004677953157
-20.321953331343966 -22.408789958428898 -21.113581577774948
-19.544087372384194 -21.500955657492355 -20.368354999363543
-19.087151754876068 -20.957662879873855 -19.943261917642566
-18.75224379222115 -20.494276507549696 -19.65794058681263
-18.42640167075122 -20.25465136420107 -19.230802889511203
-18.4096302712947 -20.49367026232798 -19.110884594577392
-18.215780234152785 -20.05334062022171 -18.964475798752545
-18.268909837210483 -20.197376122897552 -19.15040056962831
-18.017195793440166 -19.829574911601682 -18.676306326374746
-17.932572148961295 -19.622398819762996 -18.66382581784623
-17.91430634301351 -19.51962382931957 -18.56554106733707
-17.610364458997868 -19.185334838493883 -18.3078677921334
-17.797407129342748 -19.299081971521407 -18.46371205129837
-17.882780159551505 -19.507842364296636 -18.66586048879837
-17.670924032088074 -19.187952444094037 -18.367589262983707
-17.662610949563184 -19.116355779338686 -18.332868587703665
-17.448896734368653 -19.016735951834864 -18.180101196537677
-17.585855359228972 -19.297500657014528 -18.322508273930755
-17.332862776500914 -18.786661410550458 -18.165448781186356
-17.388549259066437 -19.05734243597095 -18.081484295442973
-17.3274506123654 -18.765572737480888 -18.117786166624235
-17.304186123844474 -18.791878703172785 -18.14691994971996
-17.36164220432497 -18.851156345565748 -18.1689453125
-17.546421043275092 -19.24416451643731 -18.29366487398167
-17.1735572985448 -18.411879419915902 -17.96954954811609
-17.253170752806277 -18.650616100439603 -17.953827090758654
-17.304567066550693 -19.061087418769112 -17.921071474032587
-17.18165550557446 -18.55884908973624 -17.859482401985744
-17.355535613381246 -18.754872359996178 -17.896060733834013
-17.337899553344677 -18.90632466074159 -17.96961120481161
-17.123827212324766 -18.559146239487767 -17.802680674007128
-17.011746923887646 -18.53796200066896 -17.74686346423116
-17.147571847381652 -18.740480755447248 -17.79294687181772
-17.098176673290837 -18.75877114392202 -17.74780820392057
-16.999850797440065 -18.592776423929664 -17.720832405168025
-17.007950393323345 -18.47465865108945 -17.737404133783095
-17.023543251282508 -18.399866506594037 -17.69528863289206
-16.91560492114486 -18.2917950831422 -17.57575618953666
-16.951967688122206 -18.312891222285934 -17.710454191064155
-16.93403540545002 -18.490571841551986 -17.66798068355397
-16.96699171132162 -18.373869636372323 -17.67615317909878
-16.835184939747563 -18.367329355409023 -17.60917809635947
-16.809550471734052 -18.30600600869648 -17.411220325229124
-16.889193290329136 -18.36756677656728 -17.6405832325611
-16.831707448699717 -18.26563246607416 -17.504785355142566
-16.848037589521535 -18.364065187786696 -17.58117004518839
-16.773214688198394 -18.14208984375 -17.45815300407332
-16.70317976051402 -18.16346670728211 -17.484528147275967
-16.80437401589801 -18.266364141341743 -17.507040796843178
-16.64221781669037 -18.072047615634556 -17.314407379709778
-16.677511761606056 -18.15193908878058 -17.35776397021385
-16.67597092772247 -18.13640218845566 -17.352909002673115
-16.662806182700123 -18.121113161792813 -17.412330145748474
-16.70020721695957 -18.190614846139145 -17.504232433808554
-16.68406754749086 -18.124223528287462 -17.42270438200102
-16.659635628301505 -18.03460973337156 -17.327860472886965
-16.60363883615654 -18.00472602494266 -17.271293438136457
-16.61755217327814 -18.03572964449541 -17.320964867617107
-16.636622522285148 -18.01987319619648 -17.305355779022403
-16.563369620771535 -17.955809800267584 -17.258968065809572
-16.583142531300794 -17.983479071100916 -17.23595420697556
-16.607074463188237 -18.01772446005352 -17.307442162041752
-16.584995262025092 -18.04275522027905 -17.28883377354888
-16.57070812487302 -17.95008630781728 -17.24718368126273
-16.55135782265847 -18.007718427465598 -17.209533318482688
-16.503965177074868 -17.992200938933486 -17.179369271894092
-16.490735751155526 -17.966062213302752 -17.17812818228106
-16.50106267142422 -17.838116100439603 -17.148137172225052
-16.468372033408674 -17.859730385129968 -17.15099326947556
-16.52461524786672 -17.960795644590977 -17.168541560590633
-16.494301136796526 -17.920646084193425 -17.166777383528512
-16.459845662649837 -17.86116237815367 -17.167905104378818
-16.42604017199563 -17.83903293434633 -17.123215933681262
-16.439495187423812 -17.787591683390673 -17.143049500381874
-16.450284794354427 -17.769301294915902 -17.16306207039206
-16.447551133622003 -17.771711343654435 -17.195153385947048
-16.447802516126576 -17.79127245795107 -17.121970866216905
-16.443631391901157 -17.819673404051986 -17.13267725305499
-16.39531416662434 -17.807969586200304 -17.038539412550918
-16.406345037268895 -17.795156309728593 -17.03189441191446
-16.4052420890898 -17.778993752389145 -17.042055833121182
-16.374125419036975 -17.735647219036696 -17.03808792642566
-16.33596805477956 -17.696601144399846 -17.0055093240835
-16.332391955124947 -17.691769101204127 -16.980484661405296
-16.339090396116923 -17.704848169915902 -16.989852501272914
-16.32636512406034 -17.699771239487767 -16.990023548879837
-16.330448353692606 -17.70633690510321 -16.99925017502546
-16.318162554601788 -17.696805714831804 -16.99367322746945
-16.32245966769098 -17.69968313981269 -17.01285243762729
-16.318141126574563 -17.69952485904052 -17.024406106797354
-16.316283435658775 -17.701885631689603 -17.0177034273167
-16.3096393583655 -17.725753177561163 -17.004242378436864
-16.30448274329541 -17.719447331326453 -16.993084505473522
-15.193989517726534 -16.787445348337155 -16.05544528067719
-15.162158580099552 -16.791592005925075 -16.069973388174642
-15.150319595057903 -16.795447486620795 -16.076630322365073
-15.14336481136987 -16.79553409308104 -16.077768982306516
-15.138655803979582 -16.794423141246178 -16.077381141802444
-15.135237240006603 -16.794848707473243 -16.07660744971996
-15.132582942337972 -16.79351526662844 -16.075639837385438
-15.13039847400701 -16.792201237576453 -16.074555872899694
-15.128465586588277 -16.790934991399084 -16.073447046843178
-15.126702139310748 -16.789712048451836 -16.07225667483452
-15.12501904713531 -16.78852344944572 -16.071066302825866
-15.123442698280678 -16.787369194380734 -16.069898803462323
-15.121881031592848 -16.786214939315748 -16.06879594418279
-15.120386426693925 -16.78507113675459 -16.067885016229635
-15.118929717657965 -16.78395719849006 -16.067228670761203
-15.11750177773263 -16.782828328077215 -16.066981049516293
-15.116040108505182 -16.781683032301224 -16.067199831339103
-15.114543916344982 -16.780519817947248 -16.06773485234216
-15.11308304074817 -16.77918787031728 -16.068197277558554
-15.111718392866212 -16.776736011563457 -16.068064019539207
-15.1104602898974 -16.776791260512233 -16.067561815809572
-15.109263296487708 -16.77664791188838 -16.067048672988797
-15.10808812792056 -16.776014788799696 -16.066567352978616
-15.106909388015543 -16.77537270642202 -16.066049237843686
-15.10570485511479 -16.77463655150994 -16.065519189154784
-15.104560439734865 -16.77391682196101 -16.065005051871182
-15.103444991873221 -16.773216504204893 -16.06448395334776
-15.102339861209874 -16.772557996464066 -16.063903187054482
-15.101257150612048 -16.7719398055237 -16.063306509355908
-15.100157178547846 -16.771324601012996 -16.06266607529277
-15.09902010425132 -16.770701930428135 -16.061943100814663
-15.097808627082486 -16.770050888761467 -16.06112963021894
-15.096578102778341 -16.76944613675459 -16.06029726482943
-15.095320595032508 -16.768859303325687 -16.059397275967413
-15.09397856562373 -16.768275456326453 -16.058390879582486
-15.092573640986895 -16.767688622897552 -16.057303931708248
-15.091085186725417 -16.767083870890673 -16.056157316064155
-15.08971180890644 -16.76646120030581 -16.055104179926172
-15.088632074423506 -16.7659818783448 -16.054419989498474
-15.08786364155831 -16.76563395928899 -16.054049054862524
-15.087117231943315 -16.76529350630734 -16.053717898739816
-15.086355544938542 -16.76492318902905 -16.05335889765784
-15.08557342194484 -16.764512554950304 -16.05296409591395
-15.084799830480495 -16.76410192087156 -16.0526220007001
-15.084047667043377 -16.763710698585626 -16.05226896639511
-15.083307011250508 -16.76334934059633 -16.051919909941446
-15.08257786310189 -16.76303576548165 -16.05162256555499
-15.081886214000914 -16.762768480026757 -16.051346104887983
-15.081192580823345 -16.76252209957951 -16.051066660832486
-15.080514820258534 -16.762302596999234 -16.05078323892566
-15.079806306506502 -16.762101012996943 -16.05048987239053
-15.07908211854937 -16.761863591838686 -16.0501547384165
-15.078391659894352 -16.761087120126145 -16.049843471550407
-15.077732351241874 -16.760812368597094 -16.04957695551171
-15.07704764640898 -16.760546576357033 -16.049289555753564
-15.07633794221099 -16.760176259078747 -16.04897232211049
-15.07556296189303 -16.759631235665136 -16.048583487143585
-15.074673698763206 -16.75891150611621 -16.048156862589103
-15.073696739447888 -16.757946889334864 -16.04762383051171
-15.072563038081572 -16.75672693281728 -16.046961518266293
-15.07130037173659 -16.755218785837155 -16.04615003659623
-15.069933739778037 -16.75342543482416 -16.04512872326884
-15.068435365133585 -16.751294617259173 -16.043931390020365
-15.06684036595896 -16.748777057052752 -16.042528202965887
-15.06518564607883 -16.745875740634556 -16.040959935081467
-15.063545211550183 -16.742790758792047 -16.039399622899694
-15.06198473530831 -16.739871523795873 -16.03790892311609
-15.06053497054043 -16.73735545680428 -16.03661214358452
-15.059242741454185 -16.735297806766056 -16.03556199083503
-15.058036422884499 -16.73351640147171 -16.034609295442973
-15.056901729479886 -16.731911195527523 -16.033754057408352
-15.055844018247155 -16.73038363675459 -16.032907769539207
-15.054835512113979 -16.728888928707953 -16.0321012601833
-15.053876607895672 -16.727419605313457 -16.03134149058045
-15.052954210686712 -16.725971186926607 -16.03061553271385
-15.05207209023263 -16.724506343176607 -16.02993333121181
-15.05121536595896 -16.7230131283448 -16.029282952520365
-15.05035844327763 -16.72151394065367 -16.028680308044805
-15.049516599578423 -16.71997443616208 -16.02812340885947
-15.048665033903902 -16.718382669151374 -16.027601315873216
-15.04782834880384 -16.716802847859327 -16.027143862970977
-15.047020234406745 -16.715194655485472 -16.026745083375765
-15.046214302493905 -16.71360288847477 -16.026382104442465
-15.045410751472978 -16.712012614678898 -16.026050948319757
-15.044628231663959 -16.710437273031346 -16.025714819882893
-15.043856822683868 -16.708927632836392 -16.025375708057535
-15.043128864981206 -16.707488173738533 -16.0250147180499
-15.042433247727041 -16.706127855026757 -16.024645772339614
-15.041753899900955 -16.704884007071865 -16.024249976132893
-15.041136852079948 -16.703747670584864 -16.02383230174389
-15.040529923049574 -16.702726311639907 -16.02341562181772
-15.039974778418326 -16.70185128774847 -16.023016842222503
-15.039440664998985 -16.701082282110093 -16.022614084775967
-15.038952185341325 -16.7003924168578 -16.0222103328666
-15.038483348041954 -16.699720470183486 -16.021793652940428
-15.03803554195449 -16.69905300315367 -16.021394873345216
-15.037649440649126 -16.69848110187309 -16.021043827965887
-15.037297862276514 -16.69798535454893 -16.020743500190935
-15.036964537408574 -16.69752245795107 -16.020447150267312
-15.0366597832436 -16.697096891724005 -16.02015378373218
