-41.41669908854167 -41.312998046875 -41.54851432291667
-40.58702604166667 -40.438572265625 -40.708588541666664
-40.36621640625 -40.229271484375 -40.502626302083335
-40.282875651041664 -40.152287109375 -40.4359765625
-40.219178515625 -40.1345078125 -40.42177604166667
-40.136216536458335 -40.05303515625 -40.30141796875
-40.078373046875 -40.01702734375 -40.264984375
-40.046692057291665 -40.00334375 -40.248764322916664
-40.037814583333336 -40.014998046875 -40.2569609375
-39.99313138020833 -39.932826171875 -40.194390625
-39.956663541666664 -39.925474609375 -40.17990234375
-39.91418671875 -39.89790234375 -40.13553776041667
-39.89872408854167 -39.874330078125 -40.108372395833335
-39.89455872395833 -39.896083984375 -40.13348046875
-39.887715494791664 -39.9101328125 -40.12991796875
-39.838358723958336 -39.845205078125 -40.09672526041667
-39.81957955729167 -39.84792578125 -40.07288020833333
-39.81190286458333 -39.8067578125 -40.07077734375
-39.79018828125 -39.811552734375 -40.032688802083335
-39.794715625 -39.8472734375 -40.06311197916666
-39.77254075520833 -39.82927734375 -40.02842447916667
-39.767664453125 -39.822662109375 -40.020608072916666
-39.73717942708333 -39.817650390625 -40.01931640625
-39.74591940104167 -39.808103515625 -40.025697916666665
-39.729357291666666 -39.76942578125 -40.01527734375
-39.719203125 -39.771400390625 -40.02080859375
-39.70782942708333 -39.768568359375 -40.001333333333335
-39.69461184895833 -39.782880859375 -39.990123697916665
-39.67949309895833 -39.77103515625 -39.9922890625
-39.68901888020833 -39.7693125 -40.01355208333333
-39.66499322916667 -39.75716796875 -39.98205598958333
-39.64683736979167 -39.741208984375 -39.959790364583334
-39.64620533854167 -39.6975546875 -39.97511458333334
-39.638535546875 -39.749072265625 -39.95294921875
-39.61929361979167 -39.70255859375 -39.95039192708333
-39.621619010416666 -39.70483984375 -39.93409765625
-39.620309375 -39.711634765625 -39.940157552083335
-39.607308333333336 -39.68769140625 -39.93859635416667
-39.60112799479167 -39.678369140625 -39.9163671875
-39.58915833333333 -39.682015625 -39.91454036458333
-39.57744830729167 -39.68240625 -39.90185807291667
-39.556031510416666 -39.6639921875 -39.90269401041667
-39.56137643229167 -39.661966796875 -39.90336588541667
-39.566199088541666 -39.676974609375 -39.90391666666667
-39.55611692708333 -39.658607421875 -39.88200520833333
-39.54831119791667 -39.66068359375 -39.895389322916664
-39.52522799479166 -39.647666015625 -39.87958984375
-39.531316796875 -39.642412109375 -39.87142578125
-39.5411703125 -39.6244453125 -39.879734375
-39.521609895833336 -39.644265625 -39.87462109375
-39.51922864583333 -39.650095703125 -39.878729166666666
-39.51172122395833 -39.62990625 -39.86569010416667
-39.50307174479167 -39.6238125 -39.85661979166667
-39.49951197916667 -39.624193359375 -39.86406640625
-39.494275390625 -39.623658203125 -39.843635416666665
-39.49272473958333 -39.619810546875 -39.84583984375
-39.483792057291666 -39.609615234375 -39.83555208333333
-39.4851078125 -39.61954296875 -39.85563671875
-39.478923307291666 -39.623861328125 -39.84305078125
-39.46924817708334 -39.612693359375 -39.83994140625
-39.46928463541666 -39.5903671875 -39.826401041666664
-39.46650377604167 -39.613259765625 -39.83129817708333
-39.457012239583335 -39.60661328125 -39.829946614583335
-39.452620703125 -39.601423828125 -39.822731770833336
-39.45795286458333 -39.5965703125 -39.82325911458334
-39.449880859375 -39.586412109375 -39.82272916666667
-39.443795703125 -39.597888671875 -39.826453125
-39.444462890625 -39.598568359375 -39.82635807291667
-39.433911197916665 -39.587029296875 -39.810291666666664
-39.43186796875 -39.575615234375 -39.80530859375
-39.425959114583335 -39.56968359375 -39.80803645833333
-39.426464583333335 -39.57031640625 -39.808203125
-39.42094544270833 -39.56937890625 -39.798278645833335
-39.420353125 -39.571951171875 -39.798419270833335
-39.415311328125 -39.562564453125 -39.7963359375
-39.41138138020833 -39.563900390625 -39.795981770833336
-39.407727994791664 -39.562435546875 -39.78787890625
-39.40057265625 -39.553625 -39.78814973958333
-39.40181458333333 -39.55674609375 -39.77702864583333
-39.39664192708333 -39.550177734375 -39.783092447916665
-39.39231966145833 -39.552126953125 -39.77315755208333
-39.389072526041666 -39.53179296875 -39.776296875
-39.386156119791664 -39.541103515625 -39.76612890625
-39.38408046875 -39.5403203125 -39.780595052083335
-39.38250963541667 -39.53825390625 -39.77186328125
-39.377867447916664 -39.537357421875 -39.773178385416664
-39.374076171875 -39.53104296875 -39.767450520833336
-39.37358697916667 -39.5316796875 -39.763790364583336
-39.369935416666664 -39.524951171875 -39.75607682291667
-39.36635572916666 -39.522708984375 -39.761608072916665
-39.364786458333334 -39.524166015625 -39.76265755208333
-39.361306640625 -39.523642578125 -39.757006510416666
-39.3613765625 -39.522361328125 -39.758106770833336
-39.359322526041666 -39.526880859375 -39.75853255208333
-39.356847135416665 -39.520685546875 -39.75675130208333
-39.35550325520833 -39.51269921875 -39.752990885416665
-39.352571484375 -39.5128359375 -39.75231770833334
-39.3519953125 -39.51269140625 -39.75282161458333
-39.34971875 -39.512294921875 -39.75082942708333
-39.34864622395833 -39.5132734375 -39.748606770833334
-39.327105338541664 -39.51125 -39.74920572916667
-39.31553580729167 -39.51298828125 -39.751055989583335
-39.307071354166666 -39.51475 -39.75271614583333
-39.30032278645833 -39.51630078125 -39.75421614583333
-39.29464596354167 -39.517626953125 -39.75547005208333
