-263.33999812874254 -265.37765625 -272.4855350378788
-257.3927769461078 -260.2067361111111 -267.1475378787879
-253.16185441616767 -256.71774305555556 -263.4735558712121
-249.0713884730539 -253.56572916666667 -260.1215198863636
-245.7375374251497 -251.1537847222222 -257.35172821969695
-242.95681137724551 -248.86758680555556 -255.19095643939394
-241.09669723053892 -247.57963541666666 -254.06640625
-239.438248502994 -246.53470486111112 -252.5588068181818
-238.26883420658683 -245.82555555555555 -252.15769412878788
-237.02527133233534 -245.04732638888888 -251.03091856060607
-236.21569049401197 -244.76864583333332 -251.0121212121212
-235.41629865269462 -244.14744791666666 -250.3432528409091
-235.13071669161675 -244.0871701388889 -250.2578361742424
-234.73005239520958 -244.11006944444443 -249.99666193181818
-233.9297249251497 -244.24897569444445 -250.36124526515152
-233.3857129491018 -244.10831597222221 -250.42376893939394
-232.9321107784431 -244.10303819444445 -250.37360321969697
-232.4111246257485 -244.0065798611111 -250.11214488636364
-231.8232129491018 -243.85914930555555 -249.9550899621212
-231.46501684131738 -243.78197916666667 -249.8083806818182
-231.0026010479042 -243.79258680555554 -250.09476799242424
-230.63148390718564 -243.7274826388889 -249.71775568181818
-230.02679640718563 -243.52902777777777 -249.46285511363635
-229.74667851796409 -243.65697916666667 -249.8658143939394
-229.37018151197606 -243.6617013888889 -249.3708096590909
-229.07132297904192 -243.6746875 -249.55816761363636
-228.75998315868264 -243.94975694444443 -249.46197916666668
-227.11162986526946 -243.84454861111112 -249.35011837121212
-226.69915793413173 -244.09760416666666 -249.4913352272727
-226.37441991017965 -244.26444444444445 -249.56089015151514
-226.08330838323354 -244.3932986111111 -249.60324337121213
-225.81250935628742 -244.49993055555555 -249.63359375
