-58.080913020833336 -58.088513671875 -58.1785234375
-57.197422135416666 -57.28397265625 -57.3503984375
-56.99535911458333 -57.140564453125 -57.1716015625
-56.93138697916667 -57.080744140625 -57.09890364583333
-56.846678125 -56.975984375 -57.05145182291667
-56.788105208333334 -56.936486328125 -57.015471354166664
-56.75230520833333 -56.922712890625 -56.972783854166664
-56.71691692708333 -56.894912109375 -56.96155598958333
-56.66357369791667 -56.853046875 -56.90694791666667
-56.61389166666667 -56.845177734375 -56.89391015625
-56.5673234375 -56.792603515625 -56.848809895833334
-56.499322916666664 -56.747123046875 -56.790453125
-56.46188359375 -56.7112734375 -56.76639453125
-56.43002578125 -56.7037734375 -56.76034505208333
-56.39176953125 -56.680396484375 -56.724305989583335
-56.35333255208333 -56.630427734375 -56.668756510416664
-56.32005677083333 -56.612185546875 -56.63905729166667
-56.30258125 -56.608791015625 -56.643998697916665
-56.27653151041667 -56.57227734375 -56.649994791666664
-56.252822916666666 -56.584728515625 -56.62976041666667
-56.212755989583336 -56.548767578125 -56.5956875
-56.186922135416665 -56.5430625 -56.59683203125
-56.160884635416664 -56.5036171875 -56.575305989583335
-56.13465442708333 -56.48837890625 -56.55965625
-56.122159635416665 -56.486810546875 -56.542756510416666
-56.0866140625 -56.4691328125 -56.525079427083334
-56.06555651041667 -56.456388671875 -56.498231770833335
-56.07477578125 -56.461076171875 -56.51515625
-56.0360984375 -56.44281640625 -56.49161328125
-56.031866145833334 -56.450904296875 -56.47690364583333
-56.009591927083335 -56.410646484375 -56.45520442708333
-55.9943078125 -56.377427734375 -56.46157291666667
-55.98025052083333 -56.42709765625 -56.47877213541667
-55.977280729166665 -56.370322265625 -56.45503515625
-55.97584947916667 -56.4153828125 -56.47351302083333
-55.955466666666666 -56.386853515625 -56.44810807291667
-55.94035286458333 -56.38576953125 -56.440947916666666
-55.932141927083336 -56.36898046875 -56.43131770833333
-55.92022447916667 -56.384919921875 -56.44161458333333
-55.90897604166667 -56.366228515625 -56.41631380208333
-55.88570963541667 -56.354890625 -56.39929817708333
-55.88844010416667 -56.360169921875 -56.40871614583333
-55.87700260416667 -56.340548828125 -56.39614713541667
-55.859320833333335 -56.352845703125 -56.39541015625
-55.84777526041667 -56.322041015625 -56.39651822916667
-55.837415625 -56.33202734375 -56.38723046875
-55.82952942708334 -56.31405859375 -56.3763203125
-55.82557552083333 -56.330880859375 -56.375830729166665
-55.81527109375 -56.32722265625 -56.356243489583335
-55.80177916666667 -56.319634765625 -56.35648828125
-55.786246354166664 -56.311712890625 -56.3472109375
-55.778434375 -56.30947265625 -56.349171875
-55.7761296875 -56.305419921875 -56.323703125
-55.770246354166666 -56.32230859375 -56.353783854166664
-55.75258645833333 -56.289033203125 -56.33531510416667
-55.74393645833333 -56.29727734375 -56.324807291666666
-55.736751302083334 -56.29869140625 -56.32761588541667
-55.7394875 -56.290642578125 -56.314360677083336
-55.730319270833334 -56.29144140625 -56.31630729166667
-55.7200890625 -56.28641015625 -56.28690885416667
-55.72052005208333 -56.30018359375 -56.33507291666667
-55.713246354166664 -56.284271484375 -56.31098307291666
-55.70946484375 -56.293541015625 -56.307453125
-55.70149453125 -56.28088671875 -56.29653125
-55.69538645833333 -56.287103515625 -56.29025
-55.69073203125 -56.29290234375 -56.30143359375
-55.685043229166666 -56.268400390625 -56.29764322916667
-55.681297916666665 -56.280025390625 -56.296897135416664
-55.671708333333335 -56.269626953125 -56.28126041666667
-55.6687078125 -56.276072265625 -56.29135677083333
-55.668703125 -56.26900390625 -56.27726302083333
-55.66201380208334 -56.259208984375 -56.28233203125
-55.655391927083336 -56.259970703125 -56.27809505208333
-55.65023984375 -56.25484765625 -56.26993098958334
-55.6454 -56.254314453125 -56.2641171875
-55.64229661458333 -56.267279296875 -56.275944010416666
-55.64082265625 -56.254244140625 -56.26476041666667
-55.63218828125 -56.2523828125 -56.25569010416667
-55.63101354166667 -56.253853515625 -56.27125390625
-55.626624739583335 -56.26130859375 -56.26350260416667
-55.62086197916667 -56.25589453125 -56.26056380208333
-55.61936302083333 -56.238982421875 -56.258541666666666
-55.6149984375 -56.24926171875 -56.261194010416666
-55.61232838541667 -56.25199609375 -56.26280729166667
-55.60755520833333 -56.233921875 -56.25334114583333
-55.605979166666664 -56.236220703125 -56.246609375
-55.601402604166665 -56.231845703125 -56.256828125
-55.597995052083334 -56.241732421875 -56.2521796875
-55.59508203125 -56.242173828125 -56.252140625
-55.592209635416665 -56.233203125 -56.248983072916666
-55.589697916666665 -56.231697265625 -56.247395833333336
-55.5873875 -56.2351015625 -56.247830729166665
-55.58550416666667 -56.2339765625 -56.25232421875
-55.58317734375 -56.23021484375 -56.24829036458333
-55.57938645833333 -56.229802734375 -56.247928385416664
-55.57896067708333 -56.23288671875 -56.24287109375
-55.57589765625 -56.229859375 -56.24545703125
-55.57412161458333 -56.23106640625 -56.23961588541667
-55.57203828125 -56.23140234375 -56.237591145833335
-55.57095208333333 -56.230681640625 -56.2403125
-55.54986067708333 -56.239447265625 -56.24771744791666
-55.537300260416664 -56.248515625 -56.255446614583335
-55.52768802083333 -56.256015625 -56.261759114583334
-55.5198046875 -56.262236328125 -56.26707421875
-55.513080208333335 -56.267486328125 -56.271682291666664
