-34.781342492816094 -35.156417254233176 -36.1524234923088
-34.26031564295977 -34.58955769049288 -35.70642363606958
-33.89951822916667 -34.410682447826794 -35.33317572060092
-33.3774142420977 -33.89397808927416 -34.81672858862852
-33.287526490660916 -33.87724086968831 -34.72692077882404
-33.143927689475575 -33.753899509275236 -34.66163653680276
-33.098218839798854 -33.748366216835635 -34.58555563542266
-32.97181618175287 -33.598264600409834 -34.41496662054342
-32.89565777658046 -33.60441466916523 -34.417391460609544
-32.97517869971264 -33.6318536319025 -34.50625696341288
-32.860950969827584 -33.567011230047456 -34.33691350093444
-32.77776120240661 -33.450303164096205 -34.3270164695946
-32.72795146372126 -33.401686529335635 -34.29453776416044
-32.733411907327586 -33.442688672886106 -34.24839167625072
-32.61333243534483 -33.31154323837899 -34.16187913312248
-32.68911076688219 -33.39291642512403 -34.2545453116015
-32.55239673132184 -33.293011300825064 -34.157404578780906
-32.53450431034483 -33.238539504017474 -34.105143041978145
-32.525383441091954 -33.29435902448231 -34.1505624640598
-32.49584433369253 -33.25875072462791 -34.1492135835969
-32.46538860452586 -33.16718008520276 -34.15844796758194
-32.46070155352012 -33.25855861397218 -34.07207581584244
-32.533814430675285 -33.308585745389344 -34.14497039426394
-32.4418639996408 -33.24082208194025 -34.14172566848764
-32.481203192349135 -33.2007383621387 -34.1484038060667
-32.360089349856324 -33.170811229373385 -34.0176814530621
-32.35295438218391 -33.14781229777826 -33.99308488175676
-32.329812993893675 -33.1399370247789 -33.989027009056926
-32.26629198096264 -33.09139664446721 -33.970951336975276
-32.278406743893676 -33.13189871049935 -33.99161470313398
-32.276068381824714 -33.07653987644252 -33.9649010296866
-32.23932650862069 -33.03460308927416 -33.97197338628522
-32.28350226742098 -33.070116597686585 -34.0104855520414
-32.232723374640806 -33.04913208955727 -33.93874218300748
-32.314751930675286 -33.12444515409297 -34.02089248490512
-32.184893139367816 -33.04769399805867 -33.92422571341288
-32.23333131285919 -33.070818054357204 -33.93683061385854
-32.2825521955819 -33.05184691645546 -34.01425927257044
-32.248109509698274 -33.05412759854939 -33.95586431677688
-32.154419450431035 -32.98148702073447 -33.907950420500285
-32.12524829382184 -32.92984295796484 -33.86263994213628
-32.1535406564296 -32.994287657058884 -33.902994042912596
-32.11927644576149 -32.9816622795783 -33.884234383985046
-32.15693303250718 -33.01934124582075 -33.8970100003594
-32.07965045797414 -32.94170052476542 -33.84464513549454
-32.08979671785201 -32.99010250957183 -33.91912445191202
-32.069726113505745 -32.93877273309426 -33.86778837514376
-32.031012033045975 -32.93979226771462 -33.81334347146348
-32.01878816451149 -32.91126509922347 -33.78301331584244
-32.04628120510058 -32.90933135380716 -33.84110277997412
-31.98851068606322 -32.85766032813848 -33.74173263190052
-31.975538007363507 -32.87686991917871 -33.760543954859116
-31.971357983117816 -32.86084321411238 -33.7590232353364
-32.000276468211204 -32.85018991992019 -33.751317432791836
-31.97179406878592 -32.88266504664581 -33.748516343803914
-31.904738685344828 -32.8345451190412 -33.72903675783496
-31.96460106860632 -32.87567912801985 -33.703735983323746
-31.952105783045976 -32.85757354130716 -33.734862438901665
-31.916494252873562 -32.82547694840649 -33.70718848835538
-31.90956088362069 -32.85557280993852 -33.707808456728
-31.950409258261494 -32.832061583261435 -33.709383086543994
-31.916357646372127 -32.847261075010785 -33.720594181282344
-31.866984666846264 -32.835982999892146 -33.6809779776452
-31.909617905890805 -32.87179015112705 -33.703678703637145
-31.846337778376437 -32.81392650587791 -33.65544359186314
-31.811204539331897 -32.78702722241695 -33.609556947239795
-31.79098531788793 -32.767217074929896 -33.62112969019552
-31.831225754310346 -32.78038971500216 -33.6441314153249
-31.79491525233477 -32.786164620294976 -33.63187131612996
-31.815188577586206 -32.81788689232366 -33.62918254025302
-31.78585061961207 -32.75536477432053 -33.586930347901095
-31.764226158405172 -32.75783819901316 -33.590006604010924
-31.757743916127872 -32.752762433266824 -33.586815788527886
-31.74452114762931 -32.7552809365563 -33.58975502264232
-31.746653645833334 -32.74501923634329 -33.591174660365155
-31.728410560344827 -32.760324683860006 -33.6026137507188
-31.741121812140804 -32.761728439791845 -33.581792023073604
-31.758280015265804 -32.758035365212464 -33.59479338880104
-31.736002491918104 -32.74328708072692 -33.5692163240368
-31.701220815373564 -32.71746989423803 -33.56453735983324
-31.701468323455458 -32.72385862677955 -33.560388513513516
-31.692703506645113 -32.73768090420082 -33.56896025014376
-31.686301858836206 -32.714166517809 -33.57312482029902
-31.702424793462644 -32.72239989181137 -33.589573075402534
-31.679856770833332 -32.72183683064603 -33.558044538887295
-31.66961105872845 -32.69659155252373 -33.54682221283784
-31.666571367636493 -32.70402446546053 -33.52966975452846
-31.646689677622128 -32.71556247977782 -33.55250076372916
-31.648071120689654 -32.7002854696937 -33.55123611809948
-31.656089035560345 -32.68719961645276 -33.55768289066992
-31.68928430316092 -32.686573150345126 -33.549202127659576
-31.644828933189654 -32.68938003026585 -33.536082833165615
-31.63348531788793 -32.677565435585635 -33.53815837945658
-31.62299277119253 -32.68124924166847 -33.522150391748134
-31.627809581537356 -32.68598586470017 -33.53920176825762
-31.61882397180316 -32.68257126631256 -33.52668784143186
-31.6100466954023 -32.68764618946829 -33.53214738175676
-31.603083019037356 -32.68691187176445 -33.53134546614434
-31.60251324533046 -32.68680191369176 -33.533635530477284
-31.595591998922412 -32.68288681649051 -33.53081310199828
-31.421579337284484 -32.78190848455026 -33.62483602285796
-31.35657237787356 -32.85528085229724 -33.70023742991662
-31.317145743534482 -32.90401292196937 -33.752678667696955
-31.289123787715518 -32.938483303224764 -33.790541663671654
-31.267045730064655 -32.96550307714085 -33.81807634596032
