-156.74990081314198 -139.81757272848034 -171.88035500797025
-152.06161680891233 -134.98287227683315 -167.95886814226887
-151.02864619364595 -133.7393314957492 -166.90624169766207
-149.88291298398343 -132.14312815488842 -166.88776069341125
-148.80328807460927 -131.18070661198195 -165.82500954768864
-148.69834286605226 -131.08944108660998 -166.06320984989372
-147.9229106033259 -130.22002025770456 -165.00343094115303
-147.70672037227155 -129.92387586344316 -165.09802362845377
-147.8668100797369 -129.85019053865568 -165.3498916544899
-146.93926465267478 -129.88136581761424 -163.78262611251327
-146.54892450141958 -129.31487446865037 -163.64806389479278
-146.2957521649888 -128.6385784736982 -163.69725939824656
-146.4753803863566 -128.96475449986715 -163.45231967322
-145.89874303789543 -128.6525201746812 -163.45012993158875
-145.8576964764539 -128.89704478281084 -162.524855124203
-144.77622257963313 -128.29654498206696 -161.7309938728746
-145.3467024736701 -128.4241643696865 -162.8078423884166
-144.5433990929807 -127.71956985587141 -161.50386266272582
-145.342098889038 -127.96302761357599 -163.1765492162593
-144.27732498491875 -127.2969559477949 -161.53929911663124
-144.15060893121014 -127.06013798485654 -161.49382928732732
-144.3846025547145 -127.07309378320936 -161.77023902430923
-144.21943522812805 -127.28653858926674 -161.5016314094049
-143.49413232339722 -126.77543836344314 -160.88402671692347
-143.27524493619526 -126.93359582558449 -160.04696009896386
-143.46169450240194 -126.91180841524974 -160.40763649043572
-143.52411503185047 -126.43487231004251 -161.0573421725558
-143.17757011568284 -126.43775114572263 -160.54740842521255
-143.63567043484488 -126.26277729808714 -161.55262021785336
-142.28805988689757 -125.84234482930393 -159.37970327444208
-142.6691604191341 -125.4920525870085 -160.36217288788524
-142.36932096867253 -125.95479169434113 -159.4200422589001
-141.83245095655218 -125.10772906150372 -159.35249651301805
-142.05843243083382 -125.30542018132306 -159.53000672489372
-142.16890760938745 -125.59421493092455 -159.18822645456962
-141.5764374398134 -125.07286962008502 -158.80179828639746
-141.7251595291331 -125.25594239837939 -158.9320038522848
-141.62531399082948 -125.09964673552072 -159.02070187964932
-141.0564095204856 -124.84176159006377 -158.25360944141872
-141.10077834443902 -124.7642509630712 -158.1887515774442
-140.81391803914067 -124.62116224428799 -157.64900205897982
-140.63140834010144 -124.35013242229012 -157.47848449123273
-140.8937700967967 -124.14967247276833 -158.37546493092455
-140.2313844556985 -124.31494088735388 -156.7316559843252
-140.5557807173138 -124.22620757505314 -157.70144585215198
-140.29123003983386 -124.04396087938363 -157.2702431754782
-140.22871283130314 -124.41517086211478 -157.0983432684644
-140.11981089294807 -124.17126685374602 -157.20222834750265
-139.68519029521883 -123.78680218849628 -156.43444058846973
-139.67559485307547 -123.47855298552072 -156.81253528493625
-139.61589651429537 -123.50214615435706 -156.57095178002126
-139.90868189399683 -123.63392086211478 -157.02775471572795
-139.2374846420349 -123.61134057850691 -155.9926316750797
-139.1595696898798 -123.34519875797024 -155.67587257571734
-139.17402308295237 -123.16345020257704 -156.2011303633103
-138.83183776212311 -123.05147449521786 -155.66983885162063
-138.74747454002204 -122.97288871546228 -155.50903294367694
-138.83132133325125 -123.12821508036663 -155.56134805061106
-138.4618259876832 -122.52926159006377 -155.6587033408608
-138.3808778590374 -122.76225217521254 -155.09912783939959
-138.2131058181091 -122.75432966923486 -154.8652468285069
-138.32508695928894 -122.44791320735919 -155.43543479343782
-138.32604160036914 -122.5402206761424 -155.4327988011424
-138.0572253691446 -122.21717048020723 -155.0098880844846
-138.02257071754903 -122.10312126394793 -155.07554089731667
-137.61177956788774 -122.26700318809777 -154.25207766006906
-138.0632863606742 -122.21469223233262 -155.12262138018065
-137.5306256070547 -122.14770896984591 -154.14256774707758
-137.77993867104485 -121.88551491099894 -154.71516339001062
-137.2658483866181 -121.84613692215729 -153.97296758767268
-137.19238642283244 -121.7292960447662 -153.8721315422423
-137.2298642463113 -121.26970144792773 -154.38808448459085
-137.1234564207363 -121.57314359723698 -153.89164411198195
-136.9917572434943 -121.54317008169501 -153.62579910002657
-136.8599771688629 -121.4633887652763 -153.6986396619288
-136.7520712066518 -121.3775176839798 -153.36081545563232
-136.80982100360842 -121.23540241431988 -153.82841350624335
-136.64172861593605 -121.32957583355473 -153.340918902763
-136.8264101137043 -121.2062363011424 -153.83330565887354
-136.7036144919004 -121.1498800312168 -153.59269767866633
-136.35710446840687 -120.93690430725292 -153.2155577510627
-136.19839998280875 -120.96560341392136 -153.03026202178535
-136.09114223741338 -120.93396320403826 -152.68403169832624
-136.2029694314232 -120.93610520722636 -152.96273703174813
-136.21057302937245 -120.73844107000531 -153.04315347701913
-135.91037040540877 -120.69140417441551 -152.5315758667641
-135.9138758868879 -120.61728090130181 -152.64022026102552
-135.69343417589988 -120.62958289054198 -152.378366598034
-135.68784765123445 -120.5443033508236 -152.317888217322
-135.7526470654872 -120.50068909404888 -152.50166254317216
-135.6174979453533 -120.43314749933582 -152.38146959683846
-135.5812445866632 -120.32516936769395 -152.32720344048883
-135.4860219601606 -120.317417059644 -152.18838627457492
-135.51828391256615 -120.34486458886822 -152.25036945403826
-135.42736248913874 -120.34082965263018 -152.0264284172423
-135.33105278504937 -120.26012054994686 -151.98097519261424
-135.32623491529597 -120.14235603746015 -152.09926482797556
-135.31295511807647 -120.14519336145058 -152.05132712871944
-135.26686232794927 -120.0782868955898 -152.09183008435176
-135.19001717999396 -120.04021237380447 -151.99258601222104
-134.52746836051648 -119.66576863044634 -151.61830624003719
-134.36604834282713 -119.6280718650372 -151.59183423552074
-134.24363747004506 -119.60976520988311 -151.57638358461742
-134.1177307361308 -119.58673660002657 -151.55482033740702
-134.04728203796046 -119.58173236583421 -151.54744163456428
-133.98031050069733 -119.57915033873539 -151.5660160401169
-133.9487638048736 -119.57707267866631 -151.57100574521786
-133.92202016995455 -119.5749991697662 -151.57533126328374
-133.89858917720048 -119.57315812632838 -151.57896768730075
-133.8776210581223 -119.57136067016472 -151.5820852151966
-133.85867135269083 -119.56963793504251 -151.58497857996812
-133.8413432918553 -119.56806049083421 -151.5875128686238
-133.82506810773268 -119.5663253022051 -151.5897877092189
-133.81005251887922 -119.56465445669501 -151.5920251892933
-133.796233484999 -119.56320362314028 -151.5938434013018
-133.78337895035227 -119.5615037194474 -151.59572388084484
-133.77125590797397 -119.55955267003188 -151.59756699986715
-133.75969832580884 -119.55744595178002 -151.5992191651169
-133.7485762751262 -119.55510261689692 -151.60085472569077
-133.73783797900248 -119.55270116564824 -151.60232216392137
-133.72750008388078 -119.5503516040117 -151.6038518696865
-133.71759875794186 -119.548087141339 -151.6055787559777
-133.70805342807768 -119.54594928931988 -151.6074094214931
-133.69885994348684 -119.54389030951116 -151.6093625464931
-133.69000440330848 -119.54196001594049 -151.61158964864507
-133.6814187516949 -119.5400857631509 -151.61408035002657
-133.67316356440384 -119.5384294467322 -151.61657520257705
-133.66515303658792 -119.53686860719979 -151.61920496811902
-133.6575685280013 -119.53547589001063 -151.62190945470243
-133.65020941657718 -119.53418072529225 -151.62464922622212
-133.6432126787612 -119.53298933979809 -151.62720011955366
-133.6364041970828 -119.5319100358661 -151.62950816950053
-133.62980476878653 -119.53089715063761 -151.6317767833422
-133.6233951964159 -119.52996106203507 -151.63377557120086
-133.61714914832473 -119.52911422356536 -151.63576813230605
-133.61107458021561 -119.52820096639213 -151.63761955366633
-133.60521235153968 -119.52747243623804 -151.63937757372477
-133.59956146783406 -119.52664012685972 -151.64098615170033
-133.59404998187483 -119.525861782678 -151.6425262353879
-133.58866535478282 -119.52501909537726 -151.6440331097237
-133.5833834167875 -119.52419301275239 -151.64550677470777
-133.57828822161682 -119.52327145324124 -151.6468206196865
-133.57332775454097 -119.52242876594049 -151.64813031349627
-133.5684809805092 -119.52155909604144 -151.64942547821465
-133.56370719140176 -119.52067282146652 -151.65085348034006
-133.5590575371981 -119.51978862247609 -151.65216109856536
-133.5544851268139 -119.51892310374602 -151.65364514147183
-133.55003976986575 -119.51802022449522 -151.65496521320404
-133.54564022306405 -119.51726263615834 -151.65632887221042
-133.5412605222815 -119.51639919301276 -151.6577195138151
-133.5370676075611 -119.51564160467588 -151.6589586377524
-133.53285015555127 -119.51491307452179 -151.66021851753453
-133.52879110417544 -119.51408906748141 -151.6613434843252
-133.5247293720737 -119.51336468849628 -151.66251826514346
-133.5207342689816 -119.51253653028692 -151.66360794699787
-133.51681805273455 -119.51181837805527 -151.66470385560575
-133.51289606427932 -119.51100890010628 -151.66582052005845
-133.50909418963906 -119.51023470709352 -151.6668915216525
-133.50530217315207 -119.50951655486185 -151.6680787559777
-133.5015153019293 -119.50870292574389 -151.66914145523378
-133.4978022371436 -119.50791212805527 -151.67021868358128
-133.49417309637332 -119.50718774907014 -151.67126477816154
-133.4905174077692 -119.5064384630712 -151.67247276833157
-133.486905086392 -119.50570785733262 -151.67367245616364
-133.48335018443393 -119.50493366431988 -151.6747974229543
-133.4798548637707 -119.50425079702444 -151.67604692481402
-133.47634404245855 -119.50354509829968 -151.67720510095643
-133.47287114044653 -119.50283939957492 -151.67856460879383
-133.4694805410431 -119.50220842189161 -151.67987015143464
-133.46610185357494 -119.5016044268066 -151.6811549382306
-133.4628286656419 -119.50108760626992 -151.68255180658875
-133.45958585206267 -119.50047946001594 -151.68394452377788
-133.45635782571338 -119.49992112778959 -151.68523346174283
-133.45314233824328 -119.49937524907014 -151.68659089399574
-133.45001968171655 -119.49883559710415 -151.6879171924814
-133.44686546180432 -119.49837481734856 -151.68918745018598
-133.44371299301145 -119.49794102019129 -151.69040166710946
-133.4406188732442 -119.49738476354942 -151.6916366398778
-133.43751766252464 -119.49685341392136 -151.69271801939425
-133.43444704234648 -119.49635527364507 -151.69381600358662
-133.43139661408753 -119.49584675544634 -151.69489115634963
-133.42831658975 -119.4953797489373 -151.69583554729013
-133.42533041243746 -119.4949085912593 -151.69673219978745
-133.4222992897287 -119.494410450983 -151.69749186370882
-133.41935103171627 -119.49405345045164 -151.69828473698195
-133.41638865665539 -119.49371720576514 -151.69894269726356
-133.41349167833502 -119.49348681588735 -151.69964632040382
-133.4106351487094 -119.49326887951648 -151.70014238509563
-133.40777879203378 -119.493198309644 -151.700833554729
-133.40493711449432 -119.49308830366631 -151.70146660799682
-133.4022016715277 -119.49299905353348 -151.70204362048352
-133.39945377615697 -119.4929679197662 -151.70262063297025
-133.39673061264446 -119.49292433249202 -151.70317273844316
-133.3940427093249 -119.49288904755579 -151.70380579171095
-133.39140995545498 -119.49278319274708 -151.70431846107863
-133.38884324688829 -119.49271677404357 -151.70495981668438
-133.38622486949188 -119.49260676806588 -151.70548078839002
-133.38367106732323 -119.492457325983 -151.7060598764612
-133.38115630863007 -119.49243657013815 -151.70655594115303
-133.37870147713184 -119.49226429662593 -151.70709351753453
