-103.28723256659522 -100.02634596175257 -95.17206016639611
-98.8879333234461 -96.16836438012031 -90.97555803571429
-96.431779365049 -93.98063270776652 -89.25391893262987
-95.32134228605328 -92.9458388985363 -88.22838372564935
-94.82857291507196 -92.62337449366944 -87.85264052353897
-94.03143299334047 -91.83923989975035 -87.32720170454546
-93.82425104294244 -91.7423048204949 -87.30204190340909
-93.69287976500306 -91.65443697977622 -87.37479200487013
-93.13661708703307 -91.21585273000517 -87.04621296672077
-93.09237336382425 -91.36718951867249 -87.02314833603896
-92.90785507884262 -91.1481664635328 -86.60417512175324
-92.76388716128291 -91.2200712211401 -86.88143009334415
-92.42500023920698 -90.6796854219548 -86.11621347402597
-92.42395909082211 -90.77493790800933 -86.49121347402597
-92.18873789612677 -90.75209737102345 -86.19992390422078
-92.10681428926821 -90.7128879532276 -86.33368506493507
-92.05182359441977 -90.40457830169322 -86.27997920048702
-91.92907333607624 -90.32168184272975 -86.35091568587663
-91.91030336229332 -90.4770008487924 -86.25631341314936
-91.82216755013778 -90.38376195885328 -85.85865462662338
-91.63142450149265 -90.12729285570434 -85.92290482954546
-91.46328950264085 -89.94800000617477 -85.72922585227273
-91.38069372416565 -90.02914868069067 -85.76192928165584
-91.40106339463411 -90.0137088048319 -85.63707386363636
-91.25982423071035 -89.91530160866823 -85.8086825284091
-91.33396882654624 -90.1346444452783 -85.9348823051948
-91.20687038330527 -89.76789078174399 -85.7143161525974
-91.16878205373546 -89.8946110469358 -85.48569653003247
-91.06619754190906 -89.84660893006084 -85.69443739853897
-91.01588932371402 -89.71406184096281 -85.6831929788961
-90.88533374157991 -89.5851641406345 -85.58668577516234
-90.87807799582824 -89.57527179940665 -85.60485744724026
-90.80285457650795 -89.47430894903636 -85.26067877435065
-90.80489082593387 -89.48572679809095 -85.42136262175325
-90.79434777824557 -89.56982724675872 -85.4563869724026
-90.7001498631736 -89.44116086254787 -85.31547027191559
-90.6125391103414 -89.46168868365454 -85.33016183035714
-90.64750220070422 -89.47351921764329 -85.36914823457792
-90.43729607604868 -89.17905452743115 -85.2088955965909
-90.39470108695652 -89.14854631535275 -85.19346844561689
-90.33342642471678 -89.19402994534384 -85.14305752840909
-90.3123475055496 -89.15647888183594 -85.05373630275975
-90.45964578230252 -89.24719909192987 -85.12873376623376
-90.26180486451317 -89.10665219674314 -84.99801897321429
-90.31356686313534 -89.0801976719719 -85.24101308847402
-90.20269143734691 -88.93701002662748 -85.0566989650974
-90.11932242230557 -89.0202456225681 -85.01823001217532
-90.16274925367422 -88.90288514014811 -85.00091061282467
-90.03081703536436 -89.01686737416783 -84.99104606331169
-90.05817752985303 -88.98497825652245 -84.99698660714286
-89.95131360513625 -88.80336117280596 -84.85127840909091
-89.88862762170851 -88.87816626552478 -84.8490031452922
-89.91079792272657 -88.76980259817398 -84.8066888189935
-89.87403958397122 -88.90362905064445 -84.90810166396103
-89.76985597347672 -88.81929467345954 -84.8025771103896
-89.7817302080144 -88.82948502121269 -84.8504794034091
-89.7400579598515 -88.69426768113667 -84.81217025162337
-89.80817095166105 -88.82754828308343 -84.68420251623377
-89.69254487522964 -88.65466430307826 -84.77558086444805
-89.63699383802818 -88.65501670985834 -84.70844409496753
-89.7082308730098 -88.71886890871515 -84.66859019886364
-89.54780013299909 -88.5754370782162 -84.76193181818182
-89.56560012247398 -88.54126552477885 -84.72387885551949
-89.59022408909982 -88.51446423363593 -84.71246702516234
-89.48643935624617 -88.46865458803882 -84.64242846996753
-89.46769569523117 -88.56805603977307 -84.60939782873376
-89.4149457717774 -88.45796162052378 -84.55646814123376
-89.43794671903704 -88.48767716225947 -84.63803013392857
-89.33655285995866 -88.41856972067272 -84.57422635957792
-89.328421018639 -88.3801728630808 -84.58311941964286
-89.28855956732241 -88.36786443806808 -84.57083756087663
-89.32311720185241 -88.38359396374179 -84.56468902191558
-89.26741187614819 -88.46842653742097 -84.57344003652598
-89.27053831139008 -88.41025427436087 -84.5010146103896
-89.23025286569963 -88.39572945086408 -84.49720474837662
-89.16132776618953 -88.29341995298631 -84.42366578733767
-89.1618031900643 -88.29942547393681 -84.47669186282468
-89.14203931127525 -88.25376384453087 -84.36251521915584
-89.14277068661971 -88.28439725883275 -84.4124416599026
-89.09344321704684 -88.2193795883238 -84.36133066152597
-89.08916021605175 -88.25129010983478 -84.37335379464285
-89.05003372818432 -88.24101073268787 -84.41023995535714
-89.05878332153246 -88.23173730753739 -84.38553165584416
-89.01841833952082 -88.22382001468644 -84.37961394074675
-89.00251286933558 -88.21061261247569 -84.32616426542208
-88.99068647619413 -88.23214513875168 -84.35353845373376
-88.96844441308176 -88.19517478497576 -84.33396661931818
-88.96701455335273 -88.16109214218675 -84.30094612418831
-88.94275776944275 -88.10902173231548 -84.29373224431818
-88.9329006477725 -88.13311601334509 -84.31721286525973
-88.90539961918249 -88.1270626379822 -84.28917664366882
-88.87823946054041 -88.10044314610819 -84.28816456980519
-88.87092032493877 -88.04487363466492 -84.26154119318181
-88.86357906269137 -88.09479270371018 -84.25122767857142
-88.85277826948102 -88.10052371488935 -84.27489600243507
-88.84865015500613 -88.08563410540036 -84.27195616883117
-88.83017679787967 -88.08154428979302 -84.27802353896104
-88.82941671769748 -88.07974442062675 -84.25791649756493
-88.81340181031844 -88.04338355750889 -84.21492999188311
-88.80317331981017 -88.04915179538355 -84.20321885146105
-88.43100014830833 -88.09596825388155 -84.35465452516233
-88.32815729294244 -88.19124015481556 -84.48403764204545
-88.27425857796234 -88.25460675903796 -84.56660663555195
-88.23966087626302 -88.2980265339061 -84.62066507711039
-88.21457225007654 -88.32929030837715 -84.65801034902597
