-159.49369258383874 -168.74186547939067 -165.76238066825775
-154.22751571976454 -164.15074764784947 -161.31005742840097
-150.7457439573671 -161.65926019265234 -158.4070517601432
-147.8581319122369 -159.06609823028674 -155.88335322195704
-145.74767269443453 -157.44725862455198 -154.25290871121717
-144.22345478059222 -156.4485887096774 -153.1915274463007
-143.15465851320013 -155.66595262096774 -152.67614483890216
-142.20782978059222 -155.22258624551972 -152.0940762977327
-141.67462317160187 -155.1541498655914 -152.05382980310262
-141.05105021405637 -154.78028393817203 -151.8358069809069
-140.49161333838745 -154.6641605062724 -151.6461534158711
-140.06192862557972 -154.51736111111111 -151.6029422732697
-139.81071062254728 -154.55883176523298 -151.43290386336517
-139.39685158758473 -154.4623795922939 -151.3445237917661
-139.34293056546556 -154.59741823476702 -151.50875410202863
-138.7945588432037 -154.3035394265233 -151.35740789081146
-138.47951413663932 -154.38076836917563 -151.31336701968974
-138.26403351320013 -154.38419858870967 -151.35930974045345
-138.03545029878703 -154.36678147401435 -151.21904832935562
-137.80461224580807 -154.40963821684588 -151.25275954653938
-137.6932221057795 -154.48165882616487 -151.31746904832934
-137.53298363360685 -154.4350778449821 -151.30044562947495
-137.2375635479843 -154.51351086469535 -151.30148978221956
-136.91029700321084 -154.35597278225808 -151.27483591885442
-136.7068681992508 -154.4632336469534 -151.25349604713603
-136.7614637219051 -154.6183355734767 -151.3791020286396
-136.42949518373172 -154.21263160842295 -151.03758949880668
-136.27021829290047 -154.46662186379928 -151.04536470763722
-136.15128879771675 -154.39716341845877 -151.13217855011933
-135.8904940019622 -154.2415994623656 -151.02484524164677
-135.88204323492687 -154.4661878360215 -151.19241311157518
-135.68686452015697 -154.38894489247312 -151.0962764767303
-135.497686630396 -154.34944836469535 -150.97753207040572
-135.4090678514092 -154.4012656810036 -151.14411172434367
-135.3332144131288 -154.41346046146953 -151.05528415871123
-135.1513055208705 -154.36486335125448 -150.96518869331743
-135.0944858187656 -154.26964325716847 -151.03970577267305
-135.00169182572245 -154.49659778225808 -151.10455511634845
-134.94778195237245 -154.41617663530465 -151.03053214498806
-134.74909973688904 -154.315188172043 -151.12323799224345
-134.65255975740277 -154.35936099910396 -151.0054631563246
-134.534767436675 -154.50390625 -151.06879288484487
-134.48815443275063 -154.53431619623655 -151.15583047434367
-134.33992597217267 -154.46922603046596 -151.22294525656324
-134.29533368266144 -154.35870295698925 -151.06439252684964
-134.097125289868 -154.3772961469534 -151.1048161545346
-134.07675648858367 -154.57098454301075 -151.19194697195704
-134.02063079735998 -154.43755600358423 -151.13845278937947
-133.87134041651802 -154.27672771057348 -150.9681253729117
-133.78896216107742 -154.42674731182797 -151.17041132159903
-133.69437321619694 -154.381104390681 -151.09735792064438
-133.7419450142704 -154.46692988351253 -151.16969346658712
-133.68931446218338 -154.49102542562724 -151.1800137977327
-133.6268897163753 -154.4471466173835 -151.08427804295943
-133.47216152336782 -154.46685987903226 -151.127852774463
-133.3878517436675 -154.4802727374552 -151.138723150358
-133.34113003924367 -154.43600190412187 -151.09500857696898
-133.28274950945416 -154.44746863799284 -151.12819771778044
-133.21462216821263 -154.5398185483871 -151.11238626193318
-133.19978036924724 -154.46460573476702 -151.14163186157518
-133.1063230244381 -154.51794914874552 -151.1303326372315
-133.09175437031752 -154.49260752688173 -151.16169451073986
-133.0217651846236 -154.45813732078852 -151.11013014618138
-132.9443369826971 -154.46830197132616 -151.12558733591885
-132.94672281930076 -154.54708501344086 -151.1672695405728
-132.83564763200144 -154.49026937724014 -151.13427617840097
-132.75981649125936 -154.4700660842294 -151.1504698687351
-132.70979753835178 -154.5204833109319 -151.15841288782815
-132.77895335354978 -154.53351814516128 -151.20282667064438
-132.69437600338924 -154.5274697580645 -151.15060971062053
-132.65668201480557 -154.4986559139785 -151.15528975238664
-132.5951324473778 -154.47969870071685 -151.1253729116945
-132.54236253567606 -154.51506496415772 -151.18543966288783
-132.52158122993222 -154.48921931003585 -151.20703125
-132.4738449875134 -154.47591845878136 -151.22255369928402
-132.46092356403852 -154.54130264336916 -151.25391557279235
-132.40779131733856 -154.55289538530465 -151.2285855459427
-132.37364263735284 -154.608156922043 -151.21387417959428
-132.38229408223333 -154.58114919354838 -151.18112321002386
-132.31311875668925 -154.57322468637992 -151.18397598448686
-132.32793268373172 -154.6007084453405 -151.2065557875895
-132.27809489832322 -154.5717965949821 -151.20004847852027
-132.25580293435604 -154.54940916218638 -151.18835769689738
-132.25815532465217 -154.530759968638 -151.20942720763722
-132.23361967088834 -154.54085461469535 -151.2056514767303
-132.18574964323938 -154.5531474014337 -151.2075626491647
-132.13538507848733 -154.54156866039426 -151.22628281622912
-132.08868845879414 -154.58502744175627 -151.2546334278043
-132.07849290938282 -154.598874327957 -151.22931272374703
-132.07824484926863 -154.625980062724 -151.23928811157518
-132.0471899527292 -154.61539538530465 -151.24960844272076
-132.0293965171245 -154.60962701612902 -151.24846173926014
-132.0142425526222 -154.60035842293908 -151.23153154832934
-132.00570816981806 -154.63529065860214 -151.24042549224345
-131.98911322689975 -154.62084173387098 -151.20788894689738
-131.98778652336782 -154.62816420250897 -151.22284270584726
-131.96674600874064 -154.63758680555554 -151.24610307279235
-131.95093147966463 -154.64293514784947 -151.24626156026252
-131.93632659204422 -154.65679603494624 -151.24619630071598
-131.15919327506242 -155.9173107078853 -152.40533636634845
-130.93530647966463 -156.42068492383513 -152.89331928699283
-130.8039516812344 -156.69632056451613 -153.15686530429593
-130.70947979843027 -156.87777217741936 -153.32529087112172
-130.63464925972173 -157.01117271505376 -153.444259024463
