-99.52528076171875 -99.63984375 -99.35427727787732
-97.55547607421875 -97.82689453125 -97.49640829205312
-95.85159912109376 -96.209228515625 -95.86298482293424
-94.2385693359375 -94.702783203125 -94.32846259749157
-93.05774658203126 -93.4428515625 -93.15486338005903
-92.04062744140624 -92.55216796875 -92.23865260724072
-90.7999755859375 -91.3502734375 -91.09522554806071
-88.855244140625 -89.452138671875 -89.29427055886383
-86.2808056640625 -86.905068359375 -86.76843446985666
-83.78109619140625 -84.340107421875 -84.32859434285413
-81.88934814453125 -82.42193359375 -82.49561370283516
-80.711201171875 -81.2814501953125 -81.39238627081576
-80.02001220703124 -80.6655908203125 -80.73894080022133
-79.5309521484375 -80.237822265625 -80.34920508141863
-79.26197998046875 -80.0009326171875 -80.09704363406408
-79.0346044921875 -79.8599755859375 -79.97802405011593
-78.8918798828125 -79.7822412109375 -79.85474579732293
-78.7301220703125 -79.653291015625 -79.72585272185918
-78.6035302734375 -79.582587890625 -79.65803514966274
-78.50761474609375 -79.5644677734375 -79.62754103868043
-78.42199462890625 -79.511552734375 -79.60439420188659
-78.34299072265625 -79.4741015625 -79.5272819943613
-78.27641357421875 -79.49267578125 -79.52705720383642
-78.22563720703126 -79.4418408203125 -79.48370803910203
-78.1416943359375 -79.4376318359375 -79.46967304094646
-78.07374267578125 -79.390263671875 -79.45538443296796
-78.031298828125 -79.31646484375 -79.46302648740514
-77.99714599609375 -79.3464306640625 -79.41583612194351
-77.9282568359375 -79.3958740234375 -79.40868234875633
-77.89697509765625 -79.43708984375 -79.38797362457842
-77.8440283203125 -79.3896484375 -79.35816458948145
-77.8100830078125 -79.335966796875 -79.34470021342749
-77.76699462890625 -79.332802734375 -79.32300751607293
-77.7351513671875 -79.3716015625 -79.32850129769182
-77.68176025390625 -79.3891064453125 -79.33842337030987
-77.64554931640625 -79.34875 -79.31678337110034
-77.61789306640625 -79.344990234375 -79.33868274399241
-77.60050537109375 -79.376640625 -79.3279759630586
-77.57274169921875 -79.32005859375 -79.31136451965641
-77.532041015625 -79.353701171875 -79.29851687658095
-77.5145068359375 -79.3379443359375 -79.29678936551433
-77.4622607421875 -79.3193212890625 -79.28819709764966
-77.44222900390625 -79.3046875 -79.28138092195405
-77.4102197265625 -79.33224609375 -79.29092175642917
-77.38703369140624 -79.315498046875 -79.2910773806387
-77.3745947265625 -79.3341455078125 -79.29489964297007
-77.349892578125 -79.3634228515625 -79.27213404431915
-77.35022705078126 -79.3461083984375 -79.26276859585792
-77.32236328125 -79.3232763671875 -79.2339690596016
-77.27815673828125 -79.3056005859375 -79.22337343881745
-77.25971435546874 -79.3361865234375 -79.22948807045742
-77.241708984375 -79.373876953125 -79.22062325437395
-77.21537353515625 -79.3409375 -79.23101961029722
-77.17866943359375 -79.307412109375 -79.21120510776771
-77.1614990234375 -79.3364697265625 -79.22323592959528
-77.14525390625 -79.3099462890625 -79.19653526164629
-77.13473388671875 -79.285791015625 -79.19471388200886
-77.10777099609375 -79.3073828125 -79.20689950463743
-77.08525634765626 -79.3110595703125 -79.19318316557757
-77.07073486328125 -79.296015625 -79.18350235165472
-77.05213623046875 -79.2964990234375 -79.19394399504637
-77.04825439453126 -79.3060693359375 -79.21046074646922
-77.02871337890625 -79.348583984375 -79.21713447249157
-77.00895751953125 -79.31244140625 -79.21466012990092
-76.996484375 -79.31060546875 -79.19814667211214
-76.96861328125 -79.3024609375 -79.19374390677699
-76.93984619140625 -79.3093994140625 -79.18310382193297
-76.92015625 -79.31076171875 -79.19886550774663
-76.90390625 -79.3031005859375 -79.18010743834317
-76.8844384765625 -79.3226220703125 -79.18588941294266
-76.873095703125 -79.30970703125 -79.19767979948355
-76.86017333984375 -79.3270654296875 -79.19991617701307
-76.84413330078125 -79.3080419921875 -79.18999986825463
-76.8227685546875 -79.30578125 -79.19435816952993
-76.81014892578125 -79.3123486328125 -79.17809338111299
-76.79743408203124 -79.3127490234375 -79.17300965693508
-76.7859423828125 -79.30921875 -79.1785511962479
-76.77459228515625 -79.3063232421875 -79.18602609875633
-76.75777587890624 -79.29619140625 -79.1813269063554
-76.747265625 -79.2919873046875 -79.17209814370784
-76.73128662109374 -79.30677734375 -79.16316580812605
-76.722412109375 -79.329853515625 -79.17294625447934
-76.71368896484375 -79.3296630859375 -79.16728696774874
-76.70350341796875 -79.3262060546875 -79.16639192269182
-76.6944921875 -79.3327880859375 -79.15895242674958
-76.6818359375 -79.324765625 -79.1664577953731
-76.6730078125 -79.3298046875 -79.16996469224283
-76.6627197265625 -79.33232421875 -79.16725897185918
-76.6557373046875 -79.3403955078125 -79.173828125
-76.6483837890625 -79.3428662109375 -79.16946570668212
-76.46546630859375 -79.253310546875 -79.08726565793634
-76.3994287109375 -79.252451171875 -79.0789319403457
-76.35595458984375 -79.2596337890625 -79.07966806755903
-76.32039794921874 -79.268583984375 -79.08272785360455
-76.28850341796876 -79.278310546875 -79.08661187157462
-76.25883544921875 -79.288203125 -79.09097017284992
