-54.830904947916665 -55.0268359375 -54.60349922439679
-53.772736979166666 -53.90071484375 -53.58667769214271
-53.36138628472222 -53.543390625 -53.199917095395634
-53.17915668402778 -53.35384765625 -53.03735387151512
-53.080899305555555 -53.26744140625 -52.961693291993136
-52.97249479166667 -53.157 -52.87399244540171
-52.89755251736111 -53.12219140625 -52.82818997960512
-52.84062282986111 -53.02819921875 -52.77985686810997
-52.782333333333334 -53.0081171875 -52.73258964753591
-52.733499565972224 -52.9355625 -52.69609376779451
-52.70528211805556 -52.8934609375 -52.69012445240373
-52.65430251736111 -52.904453125 -52.64253642654048
-52.61196440972222 -52.8802890625 -52.61889173917335
-52.58475130208333 -52.822890625 -52.5905753118072
-52.54424956597222 -52.827171875 -52.59307804978855
-52.52721744791667 -52.819046875 -52.58995523258131
-52.482734375 -52.79769921875 -52.56353445396016
-52.45190147569444 -52.78176171875 -52.5280547739813
-52.44927300347222 -52.7935703125 -52.55802699497768
-52.40378515625 -52.75062109375 -52.53916099259179
-52.38248784722222 -52.758921875 -52.52291804870665
-52.36007248263889 -52.751453125 -52.52606640103028
-52.324454861111114 -52.72716015625 -52.49734440721043
-52.31200130208333 -52.72909765625 -52.49344574953307
-52.275621961805555 -52.66344140625 -52.48048728594395
-52.263346354166664 -52.6832578125 -52.46751430500353
-52.25491710069444 -52.69968359375 -52.47080606621834
-52.22821875 -52.67271875 -52.47523968606695
-52.20956684027778 -52.68921484375 -52.4569674863528
-52.19856857638889 -52.66319921875 -52.4424537532647
-52.16255859375 -52.63377734375 -52.43840579968036
-52.16836588541667 -52.66100390625 -52.44607822725909
-52.142032552083336 -52.67554296875 -52.42372524309668
-52.13228038194445 -52.6512109375 -52.41805701075073
-52.11472873263889 -52.64153515625 -52.42614333854357
-52.098531684027776 -52.64560546875 -52.39819940950711
-52.096159722222225 -52.6434296875 -52.41177596526892
-52.078924479166666 -52.62853125 -52.41446418131985
-52.05019878472222 -52.62515234375 -52.401877178047556
-52.055506944444446 -52.64478515625 -52.41021678097857
-52.04473828125 -52.63276953125 -52.4128840291697
-52.01871831597222 -52.61423828125 -52.387827822256135
-52.01020095486111 -52.618625 -52.41367813866618
-51.99870833333333 -52.62096875 -52.391213642264944
-51.989337239583335 -52.59949609375 -52.39687247318012
-51.97477951388889 -52.62703125 -52.398388520621694
-51.96959852430555 -52.620375 -52.40136755821888
-51.954060329861115 -52.63281640625 -52.4080270483612
-51.94760373263889 -52.6188203125 -52.390880499451455
-51.93249001736111 -52.59891796875 -52.39307527384559
-51.92448046875 -52.6102578125 -52.406642428176625
-51.91050954861111 -52.59630078125 -52.39624753012254
-51.90760546875 -52.62019921875 -52.39862364536356
-51.896391927083336 -52.61507421875 -52.39781774700673
-51.89032855902778 -52.6016640625 -52.387735943289144
-51.88271484375 -52.60573046875 -52.399993718539314
-51.8763125 -52.60511328125 -52.38529771039275
-51.87073828125 -52.6188671875 -52.39452244171943
-51.85528125 -52.61711328125 -52.38868124677326
-51.84307465277778 -52.60747265625 -52.37762243569303
-51.85131423611111 -52.62698046875 -52.39349172460558
-51.83344314236111 -52.5901640625 -52.38120823629396
-51.81991579861111 -52.59769921875 -52.375939816844706
-51.81710763888889 -52.598015625 -52.374051048642116
-51.81266059027778 -52.60808203125 -52.387638992887894
-51.80074045138889 -52.59320703125 -52.379780612719415
-51.79481076388889 -52.597546875 -52.37506637350811
-51.790510850694446 -52.5945390625 -52.37902404963101
-51.78280902777778 -52.59527734375 -52.37942949745467
-51.775229600694445 -52.5918046875 -52.3742678747001
-51.771504774305555 -52.6131015625 -52.37443621072871
-51.764592881944445 -52.59844140625 -52.37589829633025
-51.756658854166666 -52.605015625 -52.383491493870146
-51.753941840277776 -52.60110546875 -52.38013697736349
-51.74989583333333 -52.59731640625 -52.38069729670607
-51.741654079861114 -52.58762109375 -52.376145521336326
-51.73638802083333 -52.6026015625 -52.37847046254328
-51.73394444444445 -52.60494921875 -52.38218473947894
-51.72708897569444 -52.59376953125 -52.37613700963086
-51.72328342013889 -52.59519140625 -52.37602342136631
-51.71900954861111 -52.5969375 -52.37062160243562
-51.715602430555556 -52.58864453125 -52.3715986987708
-51.710298611111114 -52.58759375 -52.37599705583963
-51.706290798611114 -52.59041796875 -52.37511398864093
-51.701529513888886 -52.6004609375 -52.37758061860347
-51.69753298611111 -52.59590625 -52.37563529352868
-51.69410720486111 -52.597171875 -52.37785455019759
-51.69082769097222 -52.596796875 -52.37741515935336
-51.6877265625 -52.60090625 -52.37275976064254
-51.68496701388889 -52.599984375 -52.37374720744883
-51.68187413194445 -52.60201171875 -52.37905238738213
-51.678416666666664 -52.59610546875 -52.377906436011905
-51.6760078125 -52.5976015625 -52.38142236351851
-51.67355859375 -52.6011171875 -52.37944088593864
-51.67184461805556 -52.60321875 -52.377152334496856
-51.670234375 -52.5980234375 -52.377596396398964
-51.66818923611111 -52.599140625 -52.37876101717193
-51.66674305555556 -52.59851171875 -52.37983871178215
-51.66462977430555 -52.60049609375 -52.38137683924016
-51.66268923611111 -52.60146484375 -52.38267251655126
-51.639532118055556 -52.62478515625 -52.40817474276262
-51.624461805555555 -52.6432421875 -52.42863898837995
-51.612793402777775 -52.65794921875 -52.44458698832491
-51.603197916666666 -52.67011328125 -52.45742207667107
-51.59492881944445 -52.68045703125 -52.4680623906231
