-2.3465879002392267 -2.4510606154556185 -2.1541158788280246
-2.33853873937956 -2.4435324208742526 -2.1699587737246997
-2.328198219683811 -2.4297406095080407 -2.145288666517945
-2.32626303527546 -2.432945094714838 -2.160738937995615
-2.3346552031934547 -2.4388436932419344 -2.157890503820202
-2.3256889593886387 -2.433897383575815 -2.180012714100607
-2.335568169725838 -2.436420922229775 -2.1887566764132007
-2.3404667212517594 -2.4369677520980373 -2.147893047373688
-2.3325192919788478 -2.4468636704621805 -2.1532541481556087
-2.326031834949507 -2.4331228959780167 -2.170282450378444
-2.324961537128419 -2.428348605071198 -2.1367196745634454
-2.3240766026010315 -2.4339759164784214 -2.168562965791397
-2.3413478125286313 -2.4450149984537473 -2.1500304032081425
-2.3311260838427375 -2.432845433904374 -2.162260703074712
-2.331676703700617 -2.4284839604257455 -2.1555339077139357
-2.322050385347749 -2.432656824939092 -2.154474276811537
-2.327893177433487 -2.4257397545559507 -2.165922977456786
-2.3271652434176873 -2.432064802012954 -2.150442426744542
-2.329240009668886 -2.4319141595087075 -2.1576989458859215
-2.332761233071586 -2.4333617017372973 -2.151190110464291
-2.3164021274868367 -2.417659033450859 -2.1661314935783786
-2.325995264421275 -2.426508398329576 -2.162862041234936
-2.322239592569787 -2.4284214689124743 -2.140667577063367
-2.3307478734230718 -2.4307236596953175 -2.1502745041092175
-2.320720746066377 -2.42117600688416 -2.1583885082648115
-2.322205538116673 -2.425516616132202 -2.1563029209988738
-2.3278288270500287 -2.4289993207182934 -2.157155131898099
-2.322305494487713 -2.42245886732682 -2.1532324519080337
-2.331126450544418 -2.427859989625587 -2.147835235530224
-2.320839383210647 -2.4209012459695396 -2.1645663154873787
-2.3260503544011097 -2.4230472907516045 -2.1569065133827197
-2.3361122167441675 -2.4359481458165235 -2.1455830618370384
-2.3216375971964154 -2.4236107629480994 -2.152933383134622
-2.3255201058044292 -2.4316381844522343 -2.1548361202999002
-2.3252893806316703 -2.4237547062100484 -2.1405490858328733
-2.3209255025241875 -2.4225343035544973 -2.1532400998549472
-2.3215305365734076 -2.4166070531192703 -2.146311612593703
-2.3206779666889874 -2.425265794660994 -2.152540056034656
-2.3329144723491155 -2.4256316714028827 -2.1424571765609914
-2.3248028739195625 -2.4270602932542573 -2.1520096499628987
-2.3264084016509186 -2.4238453560030706 -2.1434082738423172
-2.3183277064801864 -2.422375447196652 -2.139449890337521
-2.319523521338443 -2.4251474250283347 -2.14323303021854
-2.324595261120011 -2.4286036944349823 -2.138445755068179
-2.3171961850683434 -2.4169710933183053 -2.15935281571563
-2.3179777714036005 -2.4179049339683436 -2.1560619050316365
-2.3215520384416366 -2.422862716661774 -2.1529891764788545
-2.3183617778788497 -2.421437976385113 -2.158274429882226
-2.3187742115292984 -2.4126049656292383 -2.141262022467782
-2.3256102981501297 -2.4250004034875454 -2.145736610086294
-2.3214493931508793 -2.418298591870165 -2.163703980662079
-2.3217512265920424 -2.4214236703601433 -2.1569142220068382
-2.3166355578470395 -2.4194761193750156 -2.1454119966463576
-2.3136706249607406 -2.415828637956537 -2.155675201787063
-2.3211493871177216 -2.4204877233579505 -2.1512069219786487
-2.314473907021307 -2.4156149152641815 -2.152658037838549
-2.3102048541726243 -2.411327381798017 -2.141643462074006
-2.3168279826899236 -2.4166800549312115 -2.156892193562482
-2.315893004567197 -2.4168310929513646 -2.1536115089517995
-2.311999642673953 -2.409818684838601 -2.1459849736701093
-2.3246078767423386 -2.419884763957088 -2.1320833581862506
-2.311233849590374 -2.4123387680939024 -2.138763808385614
-2.3107637807386294 -2.408974589507224 -2.148528026023693
-2.3169995814530733 -2.4129998070127656 -2.1450312886588003
-2.3132249631221473 -2.410218953068291 -2.1447932358344657
-2.3136150774510824 -2.408611018408451 -2.1401234950481816
-2.312180398133966 -2.408781878214165 -2.1563727285946888
-2.3099553282521486 -2.4101630810809325 -2.1455305651420686
-2.3116165065221006 -2.4130556023497545 -2.148563925975417
-2.3110200509876115 -2.41043458895387 -2.1408593886196314
-2.3145080692481135 -2.41690179525222 -2.1497164750675535
-2.3104409185489656 -2.408071917963452 -2.1452609077882503
-2.3134765313201897 -2.4126010166022 -2.1386794234188375
-2.3090078748162397 -2.407536334237407 -2.140321017682612
-2.3094986457063005 -2.4075735924490287 -2.1413370360804294
-2.313542383079291 -2.4095037223381692 -2.1435523485902075
-2.3102977449275492 -2.4109798244944463 -2.145432509033657
-2.3144633628228903 -2.4087268861730484 -2.144573762457423
-2.3103221038153414 -2.407474695076245 -2.1398810154070858
-2.313716299993545 -2.4067350251423023 -2.1358839669907628
-2.3098839617335774 -2.407781860701088 -2.1462176100717665
-2.3054573186682017 -2.4055797017164973 -2.143051455212226
-2.3084882937815725 -2.4042401108023403 -2.1410750327848977
-2.3118197927840787 -2.4075773207230027 -2.1439588823674525
-2.3122717149862986 -2.407403526741143 -2.140902590789162
-2.3088658941614737 -2.405584662528413 -2.1390625366682388
-2.308031735954965 -2.4044216495375372 -2.1430650477790643
-2.3106432829730776 -2.4053935516950697 -2.139280676019838
-2.31037788652922 -2.404785981007976 -2.136929504193729
-2.3074503036664074 -2.4041893345315484 -2.1350518756048515
-2.3112712389275343 -2.406418146382632 -2.129772441974782
-2.31186637948742 -2.40875671849687 -2.136530583877793
-2.3122200513964737 -2.408798480684205 -2.1340264583517254
-2.309212343199717 -2.4071414437976433 -2.141479924348884
-2.3097265206377156 -2.403597639668992 -2.1386611093797496
-2.310318379861491 -2.4059582135052997 -2.1302955467017863
-2.3055795435241087 -2.401770773157683 -2.1421787188299017
-2.307228988018103 -2.402846226898437 -2.133098519245727
-2.307620405120846 -2.4030921764721582 -2.1363371676495615
-2.3069655321785185 -2.4038696902265455 -2.136542223860924
-2.286528066075039 -2.4073820339775267 -2.152359959980634
-2.280871068377768 -2.4149756941065017 -2.166357555452155
-2.2777860125614615 -2.419657284056409 -2.174760325915686
-2.275792633070875 -2.4223732028738323 -2.1797179372572213
-2.274393692594445 -2.4242072622558175 -2.183016967336911
