-10.885355278558052 -11.16003055872542 -11.016842301615169
-10.800979839653557 -11.070141491836376 -10.923394194756554
-10.782123141970974 -11.053947287570224 -10.89370084269663
-10.794073092228464 -11.091839832777387 -10.946867465472847
-10.784292822448501 -11.094720527563203 -10.939750043890449
-10.75396330758427 -11.061843618328652 -10.89820232034176
-10.765060407888576 -11.079568831197331 -10.905890098314607
-10.6964688085206 -11.034063871576546 -10.824988515332397
-10.699133324555243 -11.014124056355337 -10.8249141210206
-10.680372395833333 -11.008014944698033 -10.811877560276217
-10.675992377691948 -10.996146967169944 -10.785858936095506
-10.68591558403558 -11.006472414852528 -10.812661809456928
-10.671951764396068 -10.995833260182584 -10.818779187148877
-10.649403587312735 -10.989683659585674 -10.793813494850188
-10.657789574555244 -10.98689815221208 -10.789100245786518
-10.64210864349251 -10.975985669768258 -10.769997512874532
-10.685109843164794 -11.021073450667135 -10.8232851269897
-10.61648351182116 -10.96800172270014 -10.779719905781835
-10.684091233614232 -11.04266722261236 -10.81527116982678
-10.614461361774344 -10.964789380705758 -10.76496642380618
-10.615283195809925 -10.952640559164326 -10.754239232209738
-10.61368596383427 -10.950690451632724 -10.753486584152622
-10.587624034410112 -10.921867593486658 -10.724447711844569
-10.601169022120786 -10.948797676000702 -10.754019194756554
-10.621777490051498 -10.956434998244381 -10.782825520833333
-10.586427858731273 -10.93223907127809 -10.731459064840823
-10.59106242684925 -10.944739510182584 -10.753050313085206
-10.575696424391385 -10.913226606390449 -10.72120398817884
-10.57624758602528 -10.914229996927668 -10.732005793539326
-10.600565938085206 -10.964321179336377 -10.753180594569288
-10.620811958684456 -10.96358365519663 -10.77412423923221
-10.556897910814607 -10.905482959533005 -10.716335366924158
-10.59030389747191 -10.947541257022472 -10.744771184456928
-10.559611145248127 -10.91373661341292 -10.717719452247191
-10.561912789676967 -10.914157852001404 -10.71216336025281
-10.576707455524344 -10.921647812061096 -10.723091277504682
-10.552463863529962 -10.902863851825842 -10.695876272823034
-10.549952715355806 -10.902725103142556 -10.709904245669476
-10.547387757490636 -10.8977490234375 -10.70654296875
-10.562126492275281 -10.903946409761236 -10.712555228815543
-10.547884641268727 -10.89011170119382 -10.692701822916666
-10.54448516502809 -10.910645957689606 -10.694043627106742
-10.54624774695693 -10.890062763342696 -10.689198340941012
-10.544697477762172 -10.899268346207865 -10.707222978113295
-10.5386953125 -10.884250899754214 -10.697763196395131
-10.549797518726592 -10.902366298718398 -10.692133807350187
-10.550324365051498 -10.92440643653441 -10.707345359316479
-10.530810671231274 -10.904435294504916 -10.700146594101124
-10.519627516385768 -10.866542859023877 -10.670932379447565
-10.517439343398877 -10.877759941186797 -10.68013357326779
-10.519191186797753 -10.874507713746489 -10.68523678897472
-10.52620861130618 -10.887828739466292 -10.68954368562734
-10.515236408590823 -10.880921425122894 -10.68180623829588
-10.513094291315543 -10.87023102835323 -10.672162262991574
-10.503155928136705 -10.857523371664326 -10.656137786750936
-10.519983072916666 -10.87188783795646 -10.688745830407303
-10.500988676264045 -10.857173290466994 -10.655529977176966
-10.485731551381086 -10.844924124385534 -10.650286312031835
-10.495804468047753 -10.858606807408707 -10.657952071629213
-10.500371503394195 -10.882066691537922 -10.67155394136236
-10.49329923045412 -10.855618800474018 -10.659131993211611
-10.490581928838951 -10.849136510270364 -10.6521952539794
-10.477580261001872 -10.835584565923455 -10.636242319171348
-10.491646316128277 -10.854320795294944 -10.65347034468633
-10.476981258778089 -10.842647801088484 -10.63943908005618
-10.489219013342696 -10.854200096558989 -10.656968194054308
-10.479585015800561 -10.84077181355337 -10.641701632724718
-10.478758792720038 -10.840006693293539 -10.641627531015917
-10.48470782127809 -10.853269728757022 -10.648808154845506
-10.476566069756554 -10.839638891327247 -10.640301819990636
-10.470816245318352 -10.822873617450842 -10.639764527738764
-10.467727630500937 -10.828194017731741 -10.63044929190075
-10.473182364817415 -10.828755376580057 -10.631881290964419
-10.46221011821161 -10.824588472173454 -10.628515771301497
-10.465083143141385 -10.828923586727528 -10.632337312734082
-10.46024138284176 -10.82521242977528 -10.634804833801498
-10.459172840589888 -10.818199065133427 -10.625144911633894
-10.45846955465824 -10.817400368679776 -10.631400471090824
-10.457161487593632 -10.821381561622191 -10.62057891502809
-10.458476986774345 -10.810260050912921 -10.620186827013109
-10.453517995084269 -10.80729250790028 -10.620482575491573
-10.45025083391854 -10.810117352089186 -10.612565250468165
-10.449999034410112 -10.803771670909411 -10.620795660697565
-10.446748785697565 -10.807849916608147 -10.616696512172284
-10.449238749414794 -10.80704041213132 -10.613065089536518
-10.44609524227528 -10.808692284058989 -10.618387611189139
-10.442461127691947 -10.802270014044943 -10.61260080173221
-10.444233453300562 -10.802038711376404 -10.608922196863295
-10.44001094335206 -10.803863950579354 -10.608363690894194
-10.438159483263108 -10.798055323911516 -10.609495845037452
-10.43621791608146 -10.79273618548104 -10.602138196395131
-10.43569150866105 -10.789910134304776 -10.604018902153559
-10.436971310276217 -10.795773239992977 -10.605381554307115
-10.435097773291199 -10.797529187148877 -10.602959020950374
-10.432518887523408 -10.794295777738764 -10.60354064255618
-10.433853566830525 -10.792559361832865 -10.604085249882958
-10.429913404143258 -10.7904364356566 -10.601359652972846
-10.429765625 -10.788688443644663 -10.598369323501872
-10.428610486891385 -10.788646089360956 -10.598306779611423
-10.428440221207865 -10.789863006934691 -10.597171553136704
-10.36873351182116 -10.793022131759129 -10.603022515800562
-10.351472041783708 -10.815893938728932 -10.628381100772472
-10.343206665496254 -10.835236075754915 -10.64893668071161
-10.338109506671348 -10.848930718925562 -10.663286443703184
-10.333606829353933 -10.858579485603933 -10.672811841643258
