-6.158570763944698 -6.174108588480389 -6.173683245462541
-6.1157335984389585 -6.136543301620466 -6.136884949154724
-6.108969835640797 -6.129815584733736 -6.128600869947653
-6.11100307569956 -6.129260603684222 -6.126114670712478
-6.122604877441048 -6.140388760020306 -6.140710772909873
-6.1198982599175835 -6.141088818790548 -6.140601593674912
-6.118679483429056 -6.1403519280541214 -6.14064648722432
-6.12452227963422 -6.14674477574386 -6.145346591274779
-6.130015222456168 -6.1463300578611335 -6.146604725245108
-6.11710696592504 -6.131936062623092 -6.132764740369969
-6.12496118066348 -6.146308046675881 -6.145250795463078
-6.124582556790171 -6.142203721149885 -6.143726811564083
-6.117087625813468 -6.13649446469602 -6.134155476661053
-6.116836770034901 -6.1361062080040165 -6.136644324087682
-6.108586297545533 -6.122946410469711 -6.126640160728461
-6.106214032320107 -6.12299617762129 -6.126910712034991
-6.108539358513154 -6.128313117067425 -6.129586734639148
-6.108184597612243 -6.128423260988145 -6.128608521209667
-6.106719120309754 -6.126174550031537 -6.127636986921287
-6.106228913261314 -6.125014292814181 -6.124540840475628
-6.099945453644768 -6.118611451468089 -6.117258758138998
-6.11590194322415 -6.1336569325353025 -6.133381936585536
-6.094899335448357 -6.11467480566801 -6.11482934417371
-6.108099635374117 -6.12482298029085 -6.129723217063202
-6.096809516316397 -6.115143514436321 -6.115746892230005
-6.111033539015088 -6.129144011026762 -6.132371609644512
-6.105323715085827 -6.122510335074852 -6.1250642856855535
-6.102644756821503 -6.116996539454503 -6.121199778222346
-6.091803307736651 -6.109603106777604 -6.112240544280443
-6.098082501768316 -6.117003918418376 -6.1170834663015965
-6.097543378769081 -6.119496713432118 -6.114479464448532
-6.087482293716382 -6.104334011175598 -6.105467241536514
-6.089980255420474 -6.109662603602161 -6.113148966132648
-6.088413702193001 -6.109985857530636 -6.110589363388184
-6.0968856146859 -6.11678681094808 -6.115264611312537
-6.090053741643007 -6.108015548469963 -6.108555753480863
-6.089419801982734 -6.109987089453055 -6.111409255194478
-6.08991886703357 -6.1065302271524144 -6.1087031387437785
-6.0955626380876256 -6.113050930790297 -6.113473201978568
-6.08604225488719 -6.103160579930747 -6.107056139647516
-6.084269084773158 -6.104050203905787 -6.104897813331331
-6.080763079044181 -6.100167209584095 -6.100566076064104
-6.084021281946599 -6.102114200113276 -6.103502266717798
-6.085289685037392 -6.103645831657248 -6.10374298396872
-6.0866507225528705 -6.103426373477847 -6.10757417952995
-6.084507194079023 -6.102054879277637 -6.105770744389857
-6.076955204828794 -6.094501309256977 -6.097577524966747
-6.078430998310044 -6.094670296329133 -6.097464574573071
-6.08450516185047 -6.102949204670887 -6.1028950179808845
-6.0799209604049675 -6.096675375771535 -6.099215372717862
-6.081477825139942 -6.098407106714047 -6.0997678307088306
-6.076503589172064 -6.0983009602558695 -6.096301968243156
-6.073985749339603 -6.094052663225195 -6.094255486114091
-6.078151328463699 -6.097358866442312 -6.098564353398803
-6.081000128239069 -6.099626018523286 -6.099626261410688
-6.0786636486729 -6.095406985935368 -6.098610839215223
-6.070097667043857 -6.08696406849368 -6.0879906026076975
-6.075347205033247 -6.093444030697294 -6.094953175617331
-6.073472503942641 -6.090533123728857 -6.092249531370677
-6.074202257522501 -6.091518183979417 -6.093250422034562
-6.071859127331258 -6.089109888787072 -6.090920130880996
-6.072418937160121 -6.089689080883299 -6.090615228508753
-6.070476016880574 -6.088485090420089 -6.090407655552755
-6.0686894038889205 -6.084689814002845 -6.0862762003346775
-6.069096081734627 -6.086716540082029 -6.088138038152729
-6.071878823606598 -6.091377795106261 -6.090493637971445
-6.068266515982632 -6.086359810547428 -6.089235571043937
-6.065420564679367 -6.084185781744781 -6.085041053671802
-6.068367601964004 -6.085223160986214 -6.086948287860422
-6.067841124873585 -6.08715481533835 -6.086374786803828
-6.066718623222459 -6.083306918234946 -6.085752009273363
-6.0661383109310965 -6.0834298967759635 -6.083424701525359
-6.060594388922601 -6.0773693413026475 -6.078634341076333
-6.062946500307001 -6.080784783354626 -6.082403086249249
-6.062541390419903 -6.079224591323565 -6.080721115941174
-6.063958638958161 -6.081279664189011 -6.083562625370076
-6.062445227040809 -6.079697284983781 -6.080874945695315
-6.063480983120875 -6.080562572205738 -6.082524115302927
-6.061798408498716 -6.077949979022121 -6.0791588673517545
-6.061331038671025 -6.078470893645573 -6.080317652240839
-6.061139838228372 -6.078376965846484 -6.078705414847572
-6.057924482246157 -6.074662531195292 -6.077372896866686
-6.058720630618438 -6.075557673679942 -6.078069178470673
-6.059240121870827 -6.078354300988113 -6.0783218209634855
-6.057238691007615 -6.075158581098911 -6.077256644614048
-6.059421964005744 -6.0768187599760575 -6.0772186983770276
-6.057493034677003 -6.075836176140971 -6.07642755118049
-6.057309220651864 -6.074457365830073 -6.075952544409165
-6.0592918728852085 -6.0765874602566745 -6.078688184842423
-6.056721539541667 -6.0744117218474045 -6.0756241686690124
-6.056437899097843 -6.073592154031936 -6.074890351465288
-6.055956365684673 -6.07379914213951 -6.073710238578585
-6.054936577473828 -6.0735689863480875 -6.0735353406177595
-6.055182192197808 -6.072762768549031 -6.07459894146089
-6.056294158105685 -6.073407529087448 -6.075806374297391
-6.05504267740301 -6.073029328904983 -6.074006475666137
-6.053095835969895 -6.070516081464968 -6.070752116541877
-6.052533758425376 -6.069754124878517 -6.071968709103879
-6.052665094024016 -6.070083224153161 -6.07154051498273
-6.052747392995197 -6.0689883091065315 -6.070859628086652
-6.043819905980542 -6.062086488898418 -6.063916422072106
-6.040918841476934 -6.0599157787439175 -6.0617667191388485
-6.039202851989159 -6.058719355804135 -6.0605150715615075
-6.0380370366337885 -6.057930925456324 -6.059639785623873
-6.037177376300519 -6.057369759653445 -6.05898943673303
-6.036523269390702 -6.056948379333149 -6.058489456510663
-6.035985952351274 -6.056597432291532 -6.0580776124576285
-6.035540314379606 -6.056285554789473 -6.057719369140457
-6.035177678488296 -6.0560259962782865 -6.057425118196495
-6.034849862004893 -6.0557890146310145 -6.057160567222496
-6.03456763280762 -6.055574408717465 -6.056924073669334
-6.034324107298396 -6.055371091235872 -6.056701717771174
-6.034083409310467 -6.055180721510311 -6.056498167384472
-6.033874228044785 -6.055013406332866 -6.056323302945057
-6.033680671893075 -6.05484082405855 -6.056158654155582
-6.033494300193072 -6.054667713817484 -6.056011964461941
-6.03331439642708 -6.054484119665223 -6.055875171964837
-6.033145865598698 -6.054274667712812 -6.055734851339247
-6.032973240144042 -6.054058741882385 -6.0556050396759415
-6.0328081142412735 -6.053838366046488 -6.055479812065562
-6.03263937306676 -6.053611893451683 -6.055343472107505
-6.0324752754297375 -6.053419550136125 -6.055229733960675
-6.032330175987071 -6.053233215585015 -6.055102017385544
-6.03219230624986 -6.053081048025063 -6.054989544671973
-6.032062513468857 -6.052948980913549 -6.054881371079336
-6.0319353546236645 -6.052828290228452 -6.054770473872072
-6.031813529016624 -6.052716424130474 -6.054660322516198
-6.031693640102443 -6.05261504194369 -6.054554093165387
-6.031588588551785 -6.052518461740211 -6.0544511740538915
-6.031477235835563 -6.052416501304128 -6.054339908111109
-6.031354498449278 -6.052302686757427 -6.054222038450399
-6.031234345554894 -6.052178652282908 -6.05410072446473
-6.0311029093923665 -6.052041280362614 -6.053975798547048
-6.030975894688747 -6.051878390049366 -6.053834287911375
-6.030836053899347 -6.051717624173757 -6.053700587764417
-6.030695814206529 -6.051561107173429 -6.053572083436133
-6.030577491574892 -6.051427556726759 -6.0534677648057365
-6.030473831996039 -6.051293138906141 -6.053358987827705
-6.030354602613352 -6.051170436919136 -6.053262831660838
-6.030247854047098 -6.0510568486439 -6.053173011040612
-6.0301405004214566 -6.050943386075033 -6.053082545133227
-6.030039977597852 -6.0508388612290185 -6.052999512598687
-6.0299401025732875 -6.0507529786375605 -6.0529314641347725
-6.02985169769809 -6.050677353685831 -6.052871787643204
-6.029770833438366 -6.050607850634284 -6.052814130816635
-6.029696274534371 -6.050540861710122 -6.052755669476208
-6.029637791605774 -6.050492590464337 -6.05271375933236
-6.029573734085698 -6.050442433623014 -6.052668245636853
-6.029515316523629 -6.050396135967227 -6.052623871669312
-6.029457463795391 -6.050357267557861 -6.052587333331545
-6.0294091252489155 -6.050327915120646 -6.052558362452266
-6.029363878203939 -6.050295445165474 -6.052527095356346
-6.0293193694655 -6.050269738212966 -6.052501493378851
-6.029270840685671 -6.050235432944803 -6.052465793076354
-6.029234008323955 -6.050213258341271 -6.05244143977141
-6.029187894753483 -6.050183415649216 -6.052409217315284
-6.029148421751695 -6.050150543433663 -6.052373349405732
-6.029102717979064 -6.050129047644524 -6.052347093760726
-6.029069899792511 -6.050104044647684 -6.052317100478418
-6.029029451321018 -6.050078425689636 -6.052286126694843
-6.028994462630567 -6.050056037385275 -6.052259519075023
-6.028961644444014 -6.050033284532445 -6.052231042636553
-6.0289297916707785 -6.05000952602866 -6.0522009152686005
-6.028895542124898 -6.049989149026208 -6.052173947293616
-6.0288716774764355 -6.0499639448991775 -6.052141431525143
-6.028837592184904 -6.049948633863405 -6.052120128668583
-6.028812999286291 -6.0499339387888424 -6.052098498978268
-6.028781935939571 -6.0499159753486795 -6.052073341159465
-6.0287593459383775 -6.049899972927876 -6.0520497839880285
-6.028725677986978 -6.049887967969615 -6.052030995237278
-6.028701937367309 -6.0498759252994425 -6.052011678524307
-6.028679525867016 -6.049862173022649 -6.051991196942311
-6.028657576122572 -6.049848873288784 -6.051971461211705
-6.028631755506503 -6.049834605615877 -6.051949286798464
-6.028610000185574 -6.049826107865317 -6.051933489833626
-6.028587102626493 -6.04982172071303 -6.051920835501051
-6.028565011254574 -6.049813524657757 -6.051907435317085
-6.028542019835864 -6.049806912502735 -6.0518924344857545
-6.028524943249788 -6.049802977893378 -6.051878774510856
-6.028506722749492 -6.049797673084597 -6.051865407848301
-6.028484764624724 -6.049785982392258 -6.051846560435081
-6.028470295995455 -6.049783241993409 -6.051836227460203
-6.028454171414176 -6.049771450735975 -6.051815041928581
-6.028430768521562 -6.049767528697256 -6.05180470057335
-6.028417264467577 -6.049765819090634 -6.0517935379435555
-6.028397442487379 -6.049766208780379 -6.051786423024114
-6.0283807220650685 -6.049761645639176 -6.051774497782223
-6.028361966062075 -6.049754694076957 -6.051758390744336
-6.0283463459762965 -6.049748949295884 -6.051745057603192
-6.028327976306237 -6.049742940531434 -6.051730065152214
-6.0283151795515915 -6.049742814825065 -6.051722757484661
-6.0283047879499145 -6.049748257910853 -6.051719120411589
-6.0282946016661745 -6.049744738132514 -6.051709952305737
-6.0282835530471015 -6.049747239689262 -6.051702451890071
-6.0282707127147726 -6.049739722448382 -6.051688540504591
-6.028257465936732 -6.049738704226791 -6.051678282952888
-6.028243971939135 -6.049740049284942 -6.05167198930801
-6.028227730871354 -6.049735435861191 -6.051660323857054
-6.028216355419648 -6.049735825550936 -6.051653493869605
-6.0282089245864166 -6.049740552110419 -6.051650292574873
