-10.307759139173474 -10.468740966050268 -10.658219921875
-10.041939430370274 -10.217003013307531 -10.380572265625
-9.962055947833166 -10.159704888486717 -10.325826953125
-9.946273887154605 -10.15185360223146 -10.3039791015625
-9.937036347589247 -10.148473897111526 -10.2928458984375
-9.925950251933953 -10.146407549096903 -10.2906376953125
-9.895999560031079 -10.093605979429473 -10.2494095703125
-9.874411279524091 -10.07119282480409 -10.217603515625
-9.833810115596659 -10.035300569213494 -10.17945078125
-9.84035204943786 -10.053923944595757 -10.1905248046875
-9.826917622984316 -10.040861823872325 -10.186211328125
-9.810786761552766 -10.00648850373901 -10.1412017578125
-9.779405092626991 -9.987305583428899 -10.12638828125
-9.774442174205403 -9.978634223588015 -10.1153296875
-9.755724471984223 -9.955625873530677 -10.10496171875
-9.741700611896462 -9.953039214807912 -10.0778431640625
-9.717717993587812 -9.910628628512042 -10.0655931640625
-9.714312032433511 -9.913472680141437 -10.0678755859375
-9.716562113236005 -9.916728971055523 -10.059633203125
-9.711420540365689 -9.8970660941681 -10.0452455078125
-9.703536160642258 -9.898435596151089 -10.06077734375
-9.699395862036573 -9.905805096640863 -10.058659765625
-9.690201310990625 -9.906763479250287 -10.057314453125
-9.691738349580516 -9.894636633636754 -10.0506521484375
-9.686196645144102 -9.895015200926988 -10.060654296875
-9.684923160011762 -9.888809773389717 -10.039869140625
-9.674430942791304 -9.88826952826357 -10.04234375
-9.669120683103495 -9.86653623435111 -10.03060703125
-9.670123350514588 -9.876294691919917 -10.0295109375
-9.67467353271161 -9.879104660920776 -10.0332822265625
-9.671930659518189 -9.880063454164278 -10.0342361328125
-9.665324757035258 -9.867153342710722 -10.0299193359375
-9.656589994077137 -9.860623700903096 -10.021925
-9.656353557220372 -9.872786458333334 -10.0165923828125
-9.660160263588619 -9.86917019065367 -10.016808203125
-9.65710318611269 -9.85888156715883 -10.016601953125
-9.65457492381479 -9.86145060594658 -10.02079765625
-9.642452907669153 -9.84872763164182 -10.0066505859375
-9.653222394205784 -9.847443018922018 -10.0034171875
-9.647931091260912 -9.86725977159786 -10.0164322265625
-9.646057690725732 -9.843263398616687 -10.0135296875
-9.64388109839913 -9.848716245878727 -10.0051599609375
-9.645817754417735 -9.855139944094036 -10.0071916015625
-9.6398555851109 -9.846961755781727 -9.9978884765625
-9.640352656451675 -9.841928501887423 -10.001236328125
-9.63576739681694 -9.858310001851587 -10.0231646484375
-9.632425188698372 -9.844258252998376 -9.9941525390625
-9.632508677975654 -9.840232881785168 -9.9989623046875
-9.628029828194524 -9.848884381868789 -10.002281640625
-9.632152082236507 -9.854363920345948 -9.992248046875
-9.624325800037575 -9.846804520259939 -9.9872314453125
-9.622506201491968 -9.840187637375765 -9.984575
-9.629477207858514 -9.852217573346712 -9.988255078125
-9.624870006166995 -9.827861223599962 -9.980795703125
-9.614943091293817 -9.83140876606699 -9.9776833984375
-9.613928466042253 -9.825077348528287 -9.99051328125
-9.61728425733883 -9.826314775659403 -9.974110546875
-9.607537008604073 -9.824603924765864 -9.9714296875
-9.616711972674162 -9.828367199445719 -9.9829234375
-9.609575977962281 -9.831438854345853 -9.9771111328125
-9.60363314685515 -9.820965445515577 -9.97389453125
-9.60830589277071 -9.821273047770928 -9.964629296875
-9.610010689413786 -9.830416002186066 -9.977880078125
-9.60446769134137 -9.815545336988723 -9.9590857421875
-9.605705253197073 -9.81391366381164 -9.9617171875
-9.59664696514321 -9.8157184379181 -9.9607845703125
-9.595885892547807 -9.810436825066896 -9.9631814453125
-9.593441467813806 -9.796052761252867 -9.9547673828125
-9.58953341004042 -9.794265345768826 -9.9528880859375
-9.586721907798648 -9.808092477780963 -9.955903125
-9.589616932487857 -9.798800351204129 -9.9564904296875
-9.587344395491193 -9.795522296683869 -9.9543166015625
-9.5869631709128 -9.79621858275994 -9.9453560546875
-9.581591330834339 -9.785812069954128 -9.946587890625
-9.578679240100964 -9.784102637614678 -9.9429548828125
-9.581108522659726 -9.800054577002102 -9.9441490234375
-9.581164298273453 -9.790931780987194 -9.942038671875
-9.5776849647388 -9.786786765935588 -9.936470703125
-9.579431406510054 -9.790208243740443 -9.9374255859375
-9.574719188111393 -9.787465357415902 -9.943715625
-9.573524515264639 -9.78503462765195 -9.93690390625
-9.572096855257124 -9.786091823752868 -9.9371150390625
-9.570596353591718 -9.781584032157875 -9.9304650390625
-9.56854662051858 -9.784398555463971 -9.933430078125
-9.567020975876542 -9.785220383577027 -9.93443046875
-9.566187791366632 -9.77843584999761 -9.932787109375
-9.565247948226963 -9.774312747873662 -9.9301017578125
-9.562837174614058 -9.777173224866209 -9.92765546875
-9.561117600667437 -9.779753089461487 -9.925084765625
-9.561460762494269 -9.780237637674407 -9.9278064453125
-9.560075676379242 -9.774783409188647 -9.92531875
-9.5591926868833 -9.77496901579224 -9.9233453125
-9.558280209120571 -9.774499810361716 -9.924219140625
-9.556573389098112 -9.770767669211105 -9.92459765625
-9.55597445221481 -9.773755181455467 -9.919003125
-9.555881476273521 -9.77107448752867 -9.9201111328125
-9.555921827765701 -9.770988776997324 -9.9193236328125
-9.553264550154335 -9.771696075532779 -9.9193818359375
-9.552180367090113 -9.770697861417718 -9.9169181640625
-9.552024168835553 -9.769191991590214 -9.9169779296875
-9.458393365783474 -9.765611262423548 -9.919178125
-9.44378902800304 -9.80298321925172 -9.9579943359375
-9.437810356544658 -9.82721839461487 -9.9826802734375
-9.434443221055458 -9.841866496141533 -9.9981087890625
-9.432226542597908 -9.85103808295107 -10.0079705078125
