-6.085476437691196 -6.065979965981035 -6.101854454012235
-6.0490677542816425 -6.020810102056894 -6.064690645309844
-6.039940537175159 -6.007430782680662 -6.052821665081312
-6.034055783982757 -6.00831555192759 -6.048285240295939
-6.036609868199972 -6.0119508646901805 -6.0528528616661195
-6.029178886019869 -6.001442885807835 -6.041901596691758
-6.027124218074053 -6.001301998444382 -6.039610628144556
-6.030438833305651 -5.989222583585057 -6.0438115481835215
-6.027937708336552 -5.999431583579624 -6.043159249097072
-6.018701464584234 -5.99161781024535 -6.0350642257332066
-6.019021453112447 -5.987963623839172 -6.040102625070013
-6.019357435031828 -5.987608561650657 -6.039158239942251
-6.013539009148461 -5.9833914483096455 -6.034421734521062
-6.018254072098449 -5.977656124364351 -6.0344128885728905
-6.014816911279047 -5.979574671264705 -6.03871167988064
-6.005328364236991 -5.965718898499073 -6.02972943997943
-6.0111175493731075 -5.974822163305517 -6.0285644342637035
-6.003030868331299 -5.964236482736077 -6.025257577412797
-6.0024099022870185 -5.974849752214809 -6.020229702679572
-6.002520407567131 -5.971043982437268 -6.018980481273901
-6.005735833597274 -5.972157725483165 -6.025706476275205
-5.998437596563871 -5.964594968778975 -6.017011814565388
-6.002538422764354 -5.966769201201756 -6.020653742352875
-5.998980315696264 -5.97210693359375 -6.0232049024886045
-5.9953814405688 -5.956672707364468 -6.017201540349293
-5.996476203282399 -5.96265768971662 -6.015639938147018
-5.9913046949837 -5.957376351884852 -6.011262608399645
-5.995315928017428 -5.964970347723256 -6.015767440512979
-5.993700927447701 -5.960594378857354 -6.0168838595283045
-5.993393643103794 -5.965877923801866 -6.0166587876743085
-5.991082447198875 -5.963383292179169 -6.016732044950846
-5.992690839178667 -5.9650417393316095 -6.014818528674
-5.99491506724708 -5.958063895800736 -6.023524073352036
-5.989124976824671 -5.955206646872827 -6.014845236270183
-5.994570877398647 -5.96437278609614 -6.014822300933347
-5.992262849995751 -5.955854774018819 -6.013651033267102
-5.98752265026304 -5.957129353331812 -6.010740923793119
-5.990983348526049 -5.962209277977587 -6.007940964292095
-5.98917497880423 -5.9612446282271385 -6.013963847873532
-5.988117272476207 -5.961438769259606 -6.015416658116212
-5.987085155574053 -5.954391599751536 -6.012063402475326
-5.9866130487724805 -5.953852385130534 -6.010241382348965
-5.9854369309973885 -5.949408872955421 -6.008096815187056
-5.991385295639948 -5.958499630789653 -6.018470943342475
-5.9847866336772295 -5.950423776965258 -6.009329023703067
-5.986469017723333 -5.952429278448438 -6.006131204008614
-5.987936275570113 -5.950538235568425 -6.010820292129799
-5.983423363049256 -5.95728467181705 -6.008733666871475
-5.985235384092454 -5.957350913495668 -6.0085793626028465
-5.983660004886132 -5.952076366780033 -6.006380512628921
-5.985128379252673 -5.9537695335137055 -6.010112276772781
-5.984966604592191 -5.96039735160053 -6.007443818232627
-5.984323308152694 -5.959460743500449 -6.00885513362248
-5.984068470061337 -5.956521803104717 -6.006674201880456
-5.9850936162590385 -5.957218826286871 -6.003970434992805
-5.982695724103501 -5.945509838516313 -6.002034568079322
-5.984500201094262 -5.957064498172737 -6.0044283684163515
-5.981796684286355 -5.9543455616434136 -6.004265538841596
-5.981172942030777 -5.950327286523528 -6.002523981007127
-5.9818936404482885 -5.954652803055821 -6.0026746827680775
-5.98381251545022 -5.952701262649586 -6.006423969056609
-5.9809923072392 -5.949696137167869 -6.004271517872663
-5.980157422043987 -5.947997084800215 -6.003951441666988
-5.9801025616946575 -5.952362244472937 -6.003766506652455
-5.979512133974646 -5.950765539884678 -6.0037001903331175
-5.979470460628979 -5.951538623567528 -6.002079910636685
-5.979833540784717 -5.953129810373928 -6.001277230431329
-5.979409534861489 -5.944872605452451 -5.999757971840235
-5.9787549223433345 -5.950579802858426 -6.000348500179862
-5.979619742338622 -5.951547678389039 -5.997578662169731
-5.980014054871454 -5.951263781438341 -6.003008678610747
-5.978734251639654 -5.948688731682096 -6.0016596432227285
-5.9792518641655334 -5.948981711750623 -5.999234816052563
-5.977798819313547 -5.947237922905439 -6.00089059270946
-5.978157433390241 -5.947375641081363 -5.99872948419031
-5.9787774036196 -5.944675125454552 -6.00010552895526
-5.978404968838839 -5.9497336014918725 -5.999523035528044
-5.978003444191876 -5.9461032405847964 -5.99873897142257
-5.977244210754511 -5.9488001059866855 -5.999842206391475
-5.976917191169427 -5.948050847802938 -5.99967341664695
-5.976456249565462 -5.9469677213722765 -5.997329183797754
-5.977803556978478 -5.945305142957522 -5.998167851357289
-5.976764650429129 -5.944632539497132 -5.99745376266272
-5.9769016805976145 -5.947023323635619 -5.998032653582258
-5.976480481061894 -5.94616546418637 -5.998213080746871
-5.975958704219068 -5.945147108025831 -5.998911759762003
-5.976229927992321 -5.94755979351385 -5.998314365910364
-5.975887729773731 -5.9472187097060445 -5.997319564536417
-5.976445265425113 -5.946530713049085 -5.9973797132117195
-5.9755814412447466 -5.945270593154193 -5.99760412492033
-5.975760325816158 -5.946970720781902 -5.996759780110476
-5.9752291339958905 -5.945564874853312 -5.997323487686138
-5.975245398972946 -5.944720116598937 -5.996471051379983
-5.974980331146484 -5.946527345787334 -5.996876776734153
-5.975266703377032 -5.946330884456856 -5.995899554088767
-5.975325154695322 -5.945419205412248 -5.996994848451744
-5.975196000517582 -5.946208050143791 -5.997916637746012
-5.97486505802523 -5.946407793847068 -5.99732041329477
-5.974613358259687 -5.945650669287132 -5.9972328780166
-5.974573797248702 -5.9454243836383 -5.997056939840611
-5.97147141130029 -5.943408525703016 -5.996056046267817
-5.970166893752704 -5.942831988239598 -5.995851929314499
-5.969363874634989 -5.942551288772746 -5.99575918831843
-5.96877915021862 -5.942414249708435 -5.995712997002713
-5.9683023661045365 -5.942379615016153 -5.995720692411783
-5.967926430883444 -5.942341330098951 -5.995698530388114
-5.967603635967724 -5.942330520905772 -5.995687402223037
-5.967317746556533 -5.942334595575452 -5.995667088606449
-5.9670273608900875 -5.942344838842287 -5.995648849732501
-5.966816519712548 -5.942347442103471 -5.995608769476929
-5.966594603866032 -5.942340113357311 -5.995561597373783
-5.966399273260305 -5.9423523373663505 -5.995515085416023
-5.966217220186871 -5.9423559592949555 -5.995466178073577
-5.966035317994484 -5.94237160715838 -5.995416591724448
-5.965858213819449 -5.942405081701654 -5.995386357065773
