-28.927316395299286 -28.988567781263463 -29.099646115289346
-25.361598608331136 -25.45668497212947 -25.565493632431075
-28.666754292532573 -28.716567986589833 -28.809010233432655
-23.824673792643846 -24.083147291374946 -24.022359130438684
-22.95438840004211 -23.13182205272512 -23.130976326913412
-21.40143077674198 -21.59733879355612 -21.59937378841183
-22.636700333766818 -22.697097535073784 -22.838104335690694
-22.07740222747754 -22.2400441956592 -22.31910848425833
-21.921458907492156 -22.058422083692374 -22.19440661347645
-21.384867539111156 -21.509771094759802 -21.598395262690264
-21.797711358135004 -21.92510468278759 -22.070888284839892
-20.084381255122018 -20.25461837065112 -20.283307175743108
-22.24223445482208 -22.406171950735136 -22.490098071331133
-20.621320199999293 -20.800550888962192 -20.849004141836588
-21.804582833312665 -21.93095017301271 -22.039751310310166
-21.433240749412587 -21.571239834661785 -21.664439158080846
-19.278646897207093 -19.348766190489012 -19.522376518972575
-20.98257313173392 -21.142706453979965 -21.17322008723435
-20.507065876198997 -20.709227358560426 -20.75310806020247
-19.16470403734799 -19.320329540405538 -19.42906768290494
-20.932440861816545 -21.132179480490628 -21.126905166301693
-20.09924981655977 -20.24113267785976 -20.247639646754738
-19.14599445456065 -19.35063264083369 -19.426633007700318
-19.515472291174795 -19.685263288991813 -19.713289579668654
-20.315621594902897 -20.533752415109326 -20.506515932384406
-20.51052110243906 -20.69219873404513 -20.795310592870475
-19.98808223900509 -20.203080821170833 -20.22715567337378
-20.19436638628563 -20.37110489989498 -20.42563428884262
-19.189237171771634 -19.36313440798686 -19.393925876606477
-19.385929629744098 -19.598226788022405 -19.699951312105114
-20.659813807088973 -20.769204326664152 -20.825637037352813
-19.47549692921164 -19.619029757176325 -19.66577793496015
-19.246712108658507 -19.414100788318613 -19.48565235609025
-19.32906725322847 -19.510807403866867 -19.620575739966256
-19.00043026814372 -19.1867584267961 -19.24485635949167
-18.79765764828416 -18.963614316296855 -19.018806961471498
-18.23117129796679 -18.396142094261634 -18.48255467291607
-19.265680295145433 -19.538284952606634 -19.509023947937607
-19.60505423007985 -19.82985996573406 -19.78649320388785
-18.685510548399478 -18.870021045952715 -18.87802420259549
-18.551071677458797 -18.73559643943882 -18.79938792360712
-18.54740998215328 -18.77129209190543 -18.799715360918654
-18.877803309112206 -19.11703771273158 -19.10513023450962
-17.938073048941053 -18.139054127059996 -18.18134544061423
-17.57916062633498 -17.756983621014648 -17.788219156106404
-17.5130940894546 -17.671907397808056 -17.754887159633473
-17.918199888843244 -18.07209353794162 -18.126506632323377
-17.110846249120087 -17.290825656034574 -17.386601517626364
-17.730179910902972 -17.9183143967444 -17.988848480803057
-18.269253747205255 -18.501514281963594 -18.524688633059306
-18.399733595318995 -18.616879931198838 -18.646902821654223
-18.17515796982993 -18.41795886235728 -18.40475570792648
-17.986518968967303 -18.233952986993753 -18.214495137941558
-17.793242724440766 -18.00383703650097 -18.0385426669748
-17.438355380355585 -17.642975944837893 -17.70067868569608
-17.00677904807752 -17.163749461439036 -17.245842457639288
-17.461826712242246 -17.63395210341717 -17.682048273935596
-17.235143357190815 -17.488178797191406 -17.486662854277355
-16.859999688444482 -17.05939485943559 -17.138428295295448
-17.39664060714024 -17.609276754698943 -17.614600254433515
-16.828159015479375 -17.004570405065166 -17.108486922700674
-16.178648660573472 -16.383497692602866 -16.46820380371374
-17.332721017460262 -17.558094108479644 -17.56557174060346
-16.306381762342674 -16.5293974344302 -16.582968968758976
-16.490051742315348 -16.67143005607766 -16.740037912613083
-16.42086583051412 -16.620375107712192 -16.700799564052627
-16.801514670023447 -17.026721670010232 -17.05644262008185
-16.934124004093224 -17.15370172305849 -17.16723506605399
-16.251677311345844 -16.478103920387227 -16.533905677861142
-16.56442912211507 -16.789944603955732 -16.81603898733666
-16.240034192122728 -16.45378326455461 -16.503432552681648
-16.760686680280887 -16.95535876575291 -17.014845320577255
-16.429075450095368 -16.640277459877208 -16.67132151174792
-16.292877304178802 -16.516406965276282 -16.560978082594414
-16.353537363428757 -16.561788300099632 -16.594380614813684
-16.330498861877665 -16.566115721604373 -16.5723473791553
-15.533804600577833 -15.728177131018418 -15.813480208482913
-16.028776510594877 -16.23660224411622 -16.29274354044012
-16.115055077217814 -16.292087697921154 -16.37133382395175
-15.991176426013585 -16.176125634492138 -16.2302211036222
-15.77845428500974 -16.02638170340101 -16.048231726333643
-15.762992429919498 -15.94678428613744 -16.018416560839675
-15.78952351685587 -16.039134027628176 -16.076072872540923
-15.79787045107911 -16.020645187621177 -16.074217067238656
-15.160606855746934 -15.37270333200937 -15.457902639915996
-15.414660026362757 -15.629833374286406 -15.691373856844127
-15.432675021395255 -15.644267439277252 -15.718518199624857
-15.423257943216258 -15.655863014494022 -15.692256465169084
-15.259449059021712 -15.500067740871392 -15.539189408251364
-15.19493224925894 -15.407139256718548 -15.496815794846711
-15.01242748249982 -15.214774957251723 -15.310710102850374
-15.203809528276341 -15.443378519159307 -15.48169576348004
-15.272605931487764 -15.485003391251077 -15.550696691242461
-15.144848305850967 -15.346960328252909 -15.409006503311675
-15.148012693849017 -15.375131379422932 -15.408912689366744
-15.075649741926659 -15.303083177375054 -15.362510965994758
-14.981393474506122 -15.200679806993215 -15.286136879173249
-14.801105522052353 -15.029235760952984 -15.10034600377836
-14.90526483778074 -15.13820526241383 -15.183970688541068
-14.863388057579918 -15.103481123438174 -15.15130492533027
-14.352928962155428 -14.606058221806334 -14.675412444805428
-14.267399472421321 -14.530679777540662 -14.602364335780443
-14.229331511671232 -14.502298876932088 -14.571562791678632
-14.20700859798937 -14.484770084957992 -14.554926171650632
-14.192506784903108 -14.472687911494237 -14.545577591003733
-14.182583457925745 -14.464744873572814 -14.539792537963097
-14.175497281586962 -14.45929141786272 -14.535268293859492
-14.170046106799017 -14.455264727959392 -14.531285618448448
-14.165509336328276 -14.452031468790391 -14.52760121248564
-14.161375577713248 -14.448861742985244 -14.524025765319859
-14.155852941105126 -14.443585633717955 -14.519528024707425
-14.149945219001797 -14.437336117581323 -14.514621232858271
-14.145799946845221 -14.432765817703846 -14.510884661293797
-14.141839713357987 -14.428710621936935 -14.507762437850014
-14.137254589211384 -14.425273929778383 -14.504759970921883
-14.133263454091102 -14.421755086035114 -14.502491468399986
-14.12980837595208 -14.418249075189843 -14.500248768218697
-14.126309506788544 -14.414213549520682 -14.496996271000862
-14.122506630001686 -14.409720562594249 -14.493432182474153
-14.11913301072229 -14.405814417781936 -14.490881536966901
-14.116506041972192 -14.40171272905671 -14.488521884872199
-14.11402940388633 -14.397506378581431 -14.485989329049398
-14.111676306278712 -14.394050121512818 -14.483563207881605
-14.10958263371803 -14.391490799864012 -14.481384592861502
-14.107835267950085 -14.389746262050302 -14.479440162128446
-14.10635495487093 -14.388394915816189 -14.477565285530945
-14.105084625627976 -14.387288236145519 -14.475796282668007
-14.103924997094415 -14.386334920124677 -14.474098096011632
-14.10287992931798 -14.385508776019227 -14.472516580808444
-14.10190815162089 -14.384795077552779 -14.471033927834219
-14.100966359126877 -14.384214651887657 -14.469646631336158
-14.100074725125868 -14.383754560938174 -14.468348941879666
-14.099197198844575 -14.383391453037484 -14.467124312311531
-14.098374287889877 -14.383083989424009 -14.465980315057797
-14.097570440781793 -14.382782942259533 -14.464915968507682
-14.096779279973955 -14.382457070800571 -14.4638671875
-14.096008037879992 -14.382104797231797 -14.462852622639646
-14.095257740472066 -14.381726647491652 -14.46184829457747
-14.094500116444225 -14.381326934275366 -14.460840180302268
-14.093782065628371 -14.380927746997523 -14.4598371143111
-14.093053451878104 -14.380500579794539 -14.458827457504666
-14.092332219957019 -14.380094555316942 -14.45785383983702
-14.091665661419887 -14.37965760565893 -14.456871387672315
-14.0909675069713 -14.379234540775798 -14.4559203470527
-14.090337011038011 -14.378801588249946 -14.454982768523838
-14.089704290960071 -14.37840040240602 -14.454103245261344
-14.089105797558851 -14.37797649602138 -14.453225404760195
-14.088546493533778 -14.377596873653598 -14.452418801155945
-14.087967210546626 -14.377200316067967 -14.451629726315694
-14.087440069642474 -14.376831948782852 -14.450909504460439
-14.086920614875707 -14.37647041869749 -14.45021199988333
-14.086398012742706 -14.376110992365899 -14.449550674675114
-14.085900688346655 -14.3757443080838 -14.448900006955414
-14.085386811030094 -14.375380358681603 -14.44825957603389
-14.08489036034256 -14.375027033235943 -14.447639478478605
-14.08439060432895 -14.374660454141534 -14.447019521153432
-14.083879416930436 -14.3743032367514 -14.4463848396665
-14.083344916543712 -14.373924981823567 -14.445755907614158
-14.082813182973654 -14.373528634613313 -14.445083504227096
-14.082251864467684 -14.373108935736212 -14.444385859419874
-14.08165447722351 -14.37267124976438 -14.443628336354825
-14.080989828006771 -14.372176131314628 -14.442811776412622
-14.08028163927439 -14.371641462294 -14.441908974951536
-14.079486554665262 -14.371022222371822 -14.440897214693424
-14.078586350959553 -14.370288222681495 -14.439727555329194
-14.07751789241995 -14.369391287261687 -14.438344045044156
-14.076231258917261 -14.368266725683972 -14.43667306302951
-14.074656315844496 -14.36680419606312 -14.434593170008256
-14.072727400545086 -14.364990234375 -14.432115023468912
-14.070474691892695 -14.36285313610782 -14.429280552214962
-14.068097179411966 -14.360573192959661 -14.426276262295376
-14.065770106071334 -14.358424418859059 -14.423396076024915
-14.06364136675487 -14.356553971382217 -14.420807848847645
-14.061754828290285 -14.354968687728888 -14.41851158076357
-14.06010518511109 -14.353693497381247 -14.41653335457352
-14.058676374059914 -14.352645512440759 -14.41479351957388
-14.057411716802077 -14.351780869641319 -14.413212144600804
-14.056309133679079 -14.351088734651013 -14.411829055006104
-14.055268199805854 -14.350505994856743 -14.410541462117676
-14.054345603923592 -14.350013400911514 -14.409356377441126
-14.053493765286131 -14.349590861966824 -14.408287964217763
-14.052672475994031 -14.349198932639487 -14.407265546471137
-14.051920250205372 -14.348820888087031 -14.406329370243395
-14.05117197867073 -14.34845588680795 -14.405434141208357
-14.05043119763112 -14.348085310581377 -14.404564434053706
-14.049677977418451 -14.34771988855154 -14.403723333841901
-14.048871878122917 -14.347284306333476 -14.402850541624785
-14.047964194219139 -14.346719238070875 -14.40187720441736
-14.046849823480033 -14.345960308898373 -14.400741340510123
-14.045415788909471 -14.344935254873977 -14.399294726674684
-14.043648270883699 -14.343597688227057 -14.397454206454624
-14.041603464327707 -14.342076463876023 -14.395256520139288
-14.03951004798621 -14.34053630574106 -14.392853116249642
-14.037493616144 -14.339015081390025 -14.390358282326968
-14.035599326254882 -14.337614191754632 -14.387921223210439
-14.033880216676067 -14.33629208769792 -14.385570545842906
-14.032243855268469 -14.335112933709878 -14.383393052663699
-14.030659211796507 -14.334025398198513 -14.381390847124498
-14.029117182208674 -14.332990877282151 -14.379501386595347
-14.027500941729835 -14.33198307403867 -14.37769396068172
