-28.188416990753954 -28.34832998853211 -28.20751236235726
-26.161374444421792 -26.409347524847096 -26.181816661143966
-25.695741289145328 -25.931685421444953 -25.72914091175571
-25.374804560073805 -25.625077647171253 -25.433064446752653
-25.129124308075763 -25.370870365061162 -25.168935355704527
-24.935303490968032 -25.215904529816513 -24.96395520557198
-24.77442521229204 -25.06176892201835 -24.85692244213907
-24.699246305914613 -24.972279959862384 -24.768222927074838
-24.684681332572175 -24.927810230313455 -24.767468201977977
-24.65214910648752 -24.913969323394497 -24.733389277248165
-24.589580137059617 -24.832238508218655 -24.67006604939845
-24.57617697204779 -24.859145044915902 -24.651154112076878
-24.53427016009827 -24.80056383792049 -24.581767594055872
-24.499845655021613 -24.776050028669726 -24.56427868194331
-24.465464315568422 -24.779820694762996 -24.518067999337276
-24.441800156224513 -24.76488974101682 -24.514039081617046
-24.3858683394328 -24.64568102542049 -24.43325601549755
-24.297781796658377 -24.57352112003058 -24.37642103384992
-24.327330338393004 -24.613244218272172 -24.406954941119494
-24.318853947918367 -24.60723791093272 -24.397989842475532
-24.266658426439406 -24.57943126433486 -24.355127032779365
-24.301617802968522 -24.60079618214832 -24.37740874796085
-24.270805193381992 -24.54992115825688 -24.33594904988275
-24.28856904206084 -24.55561986334098 -24.40559524112969
-24.273064619097617 -24.53933247324159 -24.373120157014682
-24.268497504995107 -24.551787676796636 -24.40457168255506
-24.244490091339095 -24.517861835818042 -24.336638856673122
-24.23663888563244 -24.498120341169724 -24.33185640867149
-24.228423878139782 -24.53141843463303 -24.319766469336255
-24.195284306954413 -24.478968367737004 -24.312408397481647
-24.18913312596844 -24.471786004396023 -24.291102049984705
-24.1942886305252 -24.472220828555045 -24.2683252829323
-24.1994274103939 -24.473636396215596 -24.302532052915986
-24.148984636223698 -24.424939674120797 -24.255155230424144
-24.098738257676153 -24.372506331230888 -24.188956878313622
-24.07750124877671 -24.37912127293578 -24.189800418026103
-24.05715335615112 -24.358329749617738 -24.15986391848491
-24.065764659109444 -24.340951118119268 -24.158511387387847
-24.063509215462403 -24.314072056574922 -24.155293749362766
-24.03220059941282 -24.31042562595566 -24.14126382799755
-24.023879668895777 -24.298870532301223 -24.1209380257188
-24.005967687265535 -24.274455275229357 -24.127812595585237
-24.000260268002773 -24.277833524464832 -24.099229423684747
-23.99118624867477 -24.289281106651377 -24.093670743908035
-23.98920270067077 -24.28899620126147 -24.074401158493067
-23.9973141743802 -24.262755638379204 -24.089995889834828
-23.9903799594275 -24.261779075879204 -24.08894485050469
-23.97282365616335 -24.262060397553515 -24.07125839556994
-23.979865227685124 -24.2872043434633 -24.06413410927304
-23.960963303804437 -24.269653096330273 -24.0513137394219
-23.97547013894552 -24.28609279434251 -24.04282019461154
-23.958109594173056 -24.247090620221712 -24.06339093405893
-23.93581351431251 -24.203314936926606 -24.018467465971657
-23.94917239872166 -24.21537533448012 -24.04867678170881
-23.944927991457348 -24.249166786123855 -24.051689708018966
-23.93663843964076 -24.228644041475537 -24.04278713805057
-23.936811102134644 -24.240174049120796 -24.03222218150999
-23.93048550654461 -24.229769925458715 -24.01992673391619
-23.935186736717093 -24.229415734900613 -24.03097559071676
-23.919631024710487 -24.198804830848623 -23.999965748623573
-23.92644896326048 -24.228213995603976 -24.046234180643353
-23.917432922851084 -24.21552405867737 -24.01731964658952
-23.923323039420566 -24.2213237050841 -24.019437257850733
-23.9036466828413 -24.196467053707952 -24.011422435766722
-23.909958420832655 -24.183416953363913 -24.0131246495208
-23.913363885887293 -24.22225965214067 -24.025411733406404
-23.898772630892186 -24.190305452025992 -23.997374193897837
-23.90404552683086 -24.203012112958717 -24.01072784971452
-23.90111679502732 -24.197089425649846 -24.00856284410685
-23.894828630881992 -24.206106651376146 -24.004751382799757
-23.894089877517942 -24.19657695431957 -24.00144612497451
-23.888458913972027 -24.194992354740062 -23.98827447937908
-23.893868793070055 -24.19424813646789 -23.990827401738375
-23.88459264394063 -24.194567087155963 -23.98826970011725
-23.88322567943647 -24.195453459480124 -23.991161551794452
-23.879879308279644 -24.189660980504588 -23.992292643760194
-23.878966140311533 -24.18700365538991 -23.973367563468596
-23.874163447031478 -24.1684232845948 -23.973196704858278
-23.872795208265373 -24.17033221043578 -23.971954893326878
-23.87056413487808 -24.185172376720182 -23.97850885437908
-23.871495938927172 -24.174826189793578 -23.97803889363275
-23.869482127201923 -24.170971903669724 -23.977893126147023
-23.865049607017614 -24.172566657110092 -23.974215484171086
-23.865696932086934 -24.168000406154434 -23.97763424946472
-23.86932650796159 -24.170798690749237 -23.982582378543025
-23.862142059818954 -24.16637817756116 -23.968700216022636
-23.85726689289064 -24.158474890099388 -23.962767559007954
-23.857384443555294 -24.156147266819573 -23.956015656861744
-23.854248644185287 -24.164777451261468 -23.95914686990212
-23.851765107649648 -24.156983467125382 -23.95276615709115
-23.844606304028705 -24.148076142010705 -23.94178062550979
-23.825277820961098 -24.12779589545107 -23.920490208885603
-23.81403070716441 -24.116016819571865 -23.90480387502549
-23.80225254470111 -24.11032767106269 -23.893120571217374
-23.80093607282662 -24.1090829271789 -23.892546661526303
-23.798773172453515 -24.10884341551988 -23.8872954475938
-23.79803792330982 -24.104083643922017 -23.8842920798073
-23.79701357598679 -24.102636420107032 -23.881530463014887
-23.796054056740335 -24.10120412844037 -23.882278019219005
-23.79226344601207 -24.099616542431193 -23.88004570567394
-23.593504067444137 -23.92065713398318 -23.695741438748982
-23.573873584294976 -23.907392010703365 -23.682223694942905
-23.56479207867803 -23.90350905485474 -23.677243305847266
-23.55847795144552 -23.901552346139145 -23.674828185537315
-23.553600713841544 -23.899948036123853 -23.67332192151815
-23.549996463923097 -23.89884723814985 -23.67207094973491
-23.547594002303864 -23.898177083333334 -23.671088811429446
-23.54578996595172 -23.897696865443425 -23.670258016415172
-23.544245560471374 -23.897340883027525 -23.669492139707383
-23.542814245738867 -23.897047018348623 -23.66874976103691
-23.541423388823194 -23.896876194571867 -23.66798308778548
-23.539977101512804 -23.896774655963302 -23.667153885858482
-23.538184055669955 -23.89646227542049 -23.665958273858074
-23.53625386738501 -23.895662509556576 -23.66447590614804
-23.534626953443567 -23.895010870603976 -23.663617630378262
-23.533408440456288 -23.89488962155963 -23.663334857386825
-23.53249033472313 -23.895056861620795 -23.663283480322185
-23.531684204758605 -23.89533459957951 -23.66321896028752
-23.530938602236585 -23.895607559250763 -23.66312257850734
-23.530231546138477 -23.895915161506117 -23.66297163348797
