-60.99133182056808 -63.953425180888225 -59.559538917089675
-58.88452429058908 -61.872540076097806 -57.775129547377325
-56.682092209604335 -59.92760182759481 -55.74791137901861
-55.2405365826702 -58.63698384481038 -54.269812156302876
-54.62492013083002 -58.104544816616766 -53.804337193316414
-54.10523043766578 -57.52821310503992 -53.258033920262264
-53.82733105727785 -57.36339040668663 -52.86082910321489
-53.530249260886386 -57.1796875 -52.74289472292724
-53.345805443882625 -56.97245742889221 -52.635231598984774
-53.257577641467726 -56.97251200723553 -52.6297456641286
-53.23664587477896 -57.01850595683633 -52.59381940038071
-52.97988289884505 -56.71445000623753 -52.42118760575296
-52.90734010623895 -56.73768868512974 -52.30007072229272
-52.79548700334328 -56.65673730663673 -52.36398847292724
-52.688650979498235 -56.53803720683633 -52.22846605329949
-52.550163451177056 -56.45490269461078 -52.04962127220812
-52.393465752099914 -56.35958161801397 -52.040169601311334
-52.20027345476901 -56.25633888473054 -51.92396362098139
-52.14843879517573 -56.27340631237525 -51.83558388853638
-52.0727068481985 -56.30748269086826 -51.931789340101524
-51.998123290368035 -56.17761352295409 -51.85047192258883
-51.9580488263981 -56.18032684630739 -51.93682252009306
-51.91863274342396 -56.23568098178643 -51.92596301290186
-51.8357643781775 -56.24447589196607 -51.857183930837564
-51.741570996352785 -56.19107877994012 -51.901943871615906
-51.647476911333996 -56.02093469311377 -51.77457764911168
-51.60150896606985 -56.037963136227546 -51.74404478637902
-51.57028357440871 -56.17123565369261 -51.73845640334179
-51.442992408543326 -56.01280641841317 -51.60676091899323
-51.34904381493148 -55.97355289421158 -51.684899138113366
-51.33281439959107 -55.97407138847306 -51.61448418993232
-51.245140932388374 -55.87466083458084 -51.555761553511
-51.195216656996024 -56.02172607909181 -51.682717983291035
-51.091476103144345 -55.80400137225549 -51.5848237891286
-51.05546762751437 -55.89548247255489 -51.484404743020306
-51.090152001823604 -55.87929999376247 -51.51750872461929
-50.96553537383952 -55.80810254491018 -51.44712351945854
-51.04424838362069 -55.81480008732535 -51.528718538494076
-50.894501460958224 -55.82207070234531 -51.447186310279186
-50.86424011176503 -55.73948197355289 -51.45580848138748
-50.71792626823608 -55.676202282934135 -51.346687949450086
-50.694484450983644 -55.69796734655689 -51.41576446171743
-50.692167813328915 -55.78295752245509 -51.43444638324873
-50.68364123977675 -55.66848724426148 -51.43629706006768
-50.558292405780286 -55.724141560628745 -51.424660929568525
-50.56319896316866 -55.641572324101794 -51.28819995241117
-50.5518618582836 -55.658351266217565 -51.36780549386633
-50.47533942238616 -55.61414670658683 -51.358410004230116
-50.42630968169761 -55.575887287924154 -51.2135449714467
-50.39255092630968 -55.60948025823353 -51.26433283100677
-50.32302373452697 -55.55107753243513 -51.20027958439086
-50.38795218901967 -55.64412970933134 -51.27873506239425
-50.34145149480548 -55.56118622130739 -51.217143876903556
-50.221240622927716 -55.50625311876247 -51.18115812711506
-50.22924567238616 -55.4671750249501 -51.184895833333336
-50.20716249447392 -55.50682229291417 -51.20186918358714
-50.16063330639368 -55.43585875124751 -51.12945153870558
-50.1031754255084 -55.4291845995509 -51.11525750846024
-50.092006261742924 -55.46942053393214 -51.15603849407783
-50.03506472424845 -55.443300898203596 -51.12341701036379
-50.02992417177829 -55.364076534431135 -51.019997223984774
-50.01662617083886 -55.39643759356287 -51.11991394352792
-49.95709039635831 -55.364556044161674 -51.089354642554994
-49.90156362248563 -55.381097180638726 -51.08968181577834
-49.86814420313882 -55.404597055888225 -51.09267925126903
-49.83358287052387 -55.39065618762475 -51.069915926395936
-49.87608147173408 -55.38804812250499 -51.07177321277496
-49.84326603600243 -55.31789545908184 -51.03072453997462
-49.78832468155946 -55.331349020708586 -51.04639911167513
-49.78595407824934 -55.26815509605788 -51.00213488790186
-49.7261463168656 -55.28413095683633 -51.04740706958545
-49.70035936809239 -55.27494230289421 -50.99895899428934
-49.68401036485964 -55.29856303018962 -50.96313848350254
-49.65625 -55.288812999002 -51.0032717322335
-49.66260715420535 -55.28245852045908 -50.94470772525381
-49.620053292164016 -55.28791635479042 -50.95176012584602
-49.571443620137046 -55.28443113772455 -50.948025724407785
-49.58741572723254 -55.28166713448104 -50.96100690038071
-49.54384731086981 -55.251419036926144 -50.96699516180203
-49.519872312942084 -55.21730757235529 -50.924865825930624
-49.5522901297248 -55.248697916666664 -50.93157452939932
-49.51385147270115 -55.22874563373254 -50.89619024957699
-49.51910081993258 -55.24560644336327 -50.926660321489
-49.49000512889589 -55.21139751746507 -50.9438088250846
-49.43639651027851 -55.19244713697605 -50.891841159052454
-49.410187334217504 -55.18851749625748 -50.92518969437394
-49.393438553409595 -55.182381331087825 -50.90433983714044
-49.371348036168214 -55.21577158183633 -50.92113472927242
-49.368926489279396 -55.20729634481038 -50.92626374788494
-49.35467480727785 -55.183332553642714 -50.90869553722504
-49.33644348198497 -55.18512974051896 -50.87380366962775
-49.34382857399425 -55.1815119760479 -50.87886989741963
-49.308578207891244 -55.16621054765469 -50.872699873096444
-49.30047386162688 -55.159271301147704 -50.88580993549069
-49.29115334535256 -55.16300601921158 -50.8901953785956
-49.27529650889699 -55.17579684381238 -50.893566254230116
-49.271309958001765 -55.160136757734534 -50.87563782254653
-49.25404224345159 -55.16990628118762 -50.862930943316414
-49.2454573869916 -55.17310301272455 -50.87529412542301
-49.23579408087423 -55.15378227919162 -50.85592480964467
-48.33338298173629 -54.8467751996008 -50.48282505816413
-48.20218081689324 -54.98827345309381 -50.61430573181049
-48.13027266039456 -55.093067770708586 -50.70661815249577
-48.08083882487843 -55.17101734031936 -50.77150750846024
-48.042741662522104 -55.23087029066866 -50.819552400592215
