-10.713186637615694 -11.054213843920184 -11.07654451069079
-10.655083517117248 -11.02418703997192 -11.046331388331584
-10.6465304317451 -11.017209836623554 -11.015343141642326
-10.666329603955413 -11.037718313904016 -11.053525450441668
-10.67230984745049 -11.031723656079816 -11.052830746299342
-10.67938151839186 -11.03301299778761 -11.055097631880246
-10.67406412428117 -11.061850177097515 -11.074339491053198
-10.664255898453451 -11.057312718047992 -11.058745008631323
-10.652971973750624 -11.012651436989449 -11.048113869668784
-10.634556010318837 -11.025843008105003 -11.027280720954797
-10.646114525380257 -11.014690318669162 -11.02195703745321
-10.634472204322343 -10.999978062244724 -11.033390661333087
-10.62989936102746 -11.028864435308883 -11.027339817607901
-10.628205895050701 -10.984574101748638 -11.010191320291232
-10.61549365741686 -11.007274692605513 -11.037424187911185
-10.616713441179224 -10.996852264508169 -11.02976626969076
-10.606351050138095 -10.957704672608918 -10.98634307916714
-10.605282285534628 -10.971479920970898 -11.013417211072198
-10.602836492927953 -10.977643433032675 -10.999868735644
-10.600571028317963 -10.986454433287951 -10.99418365976988
-10.585632958357436 -10.950393084687713 -10.974621559876928
-10.594333097444819 -10.958628052671886 -10.991458124344232
-10.572168150407196 -10.932025200497788 -10.960652983123724
-10.572848345838437 -10.926874149081007 -10.96198927642213
-10.56673717624257 -10.924450691903505 -10.944077839652337
-10.567943092028775 -10.934495857088155 -10.957734372784568
-10.560034202948483 -10.926053145209327 -10.964268513037375
-10.549891373427647 -10.929372394060586 -10.94710378768007
-10.549344097895682 -10.933867971940947 -10.946145834810288
-10.540237489756306 -10.906215763806161 -10.935521619073276
-10.550953713569314 -10.931411275740299 -10.932892621104385
-10.535353724663695 -10.912861574093771 -10.922315095600329
-10.54812983030914 -10.931940440988768 -10.947885115220195
-10.532398427929767 -10.906653854131212 -10.922306012328438
-10.52933670666315 -10.89914848270507 -10.916143400050334
-10.514637515914943 -10.872153742448093 -10.89540739803695
-10.524163220496744 -10.903872412674438 -10.930088382450942
-10.520590909590366 -10.901129860874745 -10.910296486856284
-10.520302052495916 -10.882500053182437 -10.892077326558246
-10.514182265259914 -10.880423279016338 -10.895843228930353
-10.503363560204562 -10.879116653016508 -10.895988948981255
-10.506835782426784 -10.866202295353983 -10.88652606278712
-10.505745794946067 -10.885911374127808 -10.904341848273026
-10.502723772422701 -10.862392770911335 -10.881584209019822
-10.504089679461005 -10.877420133275187 -10.888376779435118
-10.498157087749819 -10.868440943562797 -10.8877202361119
-10.49085236391838 -10.869331416992852 -10.880406097578266
-10.500760146750657 -10.859325806245746 -10.877600308122306
-10.4852777919559 -10.86172666088751 -10.875522232747986
-10.497646010737093 -10.867402556479748 -10.888467612154038
-10.494741334331474 -10.858920290163377 -10.880451846252551
-10.489054356440837 -10.851004749191627 -10.864682012374518
-10.49304038053372 -10.857968656930735 -10.879893335802802
-10.49128714490892 -10.859918458028421 -10.878031375836548
-10.48080968954165 -10.851093829773655 -10.876902613146552
-10.486932090869006 -10.856177405973451 -10.879121922321632
-10.487145892526994 -10.855125390890912 -10.869373245377723
-10.485460180211026 -10.86627508881467 -10.881633834700402
-10.483119837391111 -10.854065066052586 -10.873917318299116
-10.48184661982924 -10.841485425353131 -10.862919580698446
-10.482030758196373 -10.845873641188733 -10.865848714340403
-10.48064901153674 -10.860206640359088 -10.878058293337398
-10.477254237309163 -10.852595901229577 -10.870492537095195
-10.479816113294541 -10.856172087729748 -10.877413824119499
-10.476192229467243 -10.844763125425459 -10.86440126173293
-10.476455277947915 -10.846487898336454 -10.862501805577217
-10.47603804238408 -10.843510346643125 -10.86033345134202
-10.4759419412969 -10.843948436968176 -10.864172462975697
-10.473948608027369 -10.841945453433459 -10.859981086855575
-10.47276748180238 -10.850576630573519 -10.869903398295712
-10.468903456023718 -10.845346802671886 -10.860868644368194
-10.469644218622397 -10.839725751467835 -10.857138410454004
-10.468945148565458 -10.84574899485194 -10.862460155452444
-10.467815218655007 -10.846571328284547 -10.85331911616663
-10.467380105364718 -10.839106840856875 -10.861767389813267
-10.465018318134385 -10.834143922311096 -10.857172417337795
-10.46168422184083 -10.836449380956433 -10.851721235714894
-10.467387903332142 -10.83441282600834 -10.853020586681886
-10.46403821110374 -10.842264215665418 -10.86088946943058
-10.464024010827833 -10.833705831986045 -10.847427229699552
-10.462246805314528 -10.836434423396017 -10.85598644111204
-10.461701745114219 -10.83357420545439 -10.848799412999092
-10.462719003256714 -10.842660424821307 -10.855505304630785
-10.460571637977235 -10.829420657122192 -10.845456990486047
-10.460480366313064 -10.830574716005787 -10.851283355546734
-10.459079789334366 -10.832754198753404 -10.849972650489876
-10.460310118075405 -10.831276391784376 -10.850049636757742
-10.457957746004604 -10.836059487214943 -10.850996013994441
-10.456132534254344 -10.833293668099047 -10.850682862657385
-10.455896955886189 -10.830173853386658 -10.84878285264363
-10.456989180851878 -10.83098156164908 -10.846896412151912
-10.45530244948335 -10.826533515571818 -10.849177421112891
-10.456006858489577 -10.830044221196392 -10.848452531707265
-10.45418616601589 -10.82768258860194 -10.847596101016617
-10.45450158493688 -10.826476344452008 -10.844564669794266
-10.453582022920353 -10.824172215367597 -10.845592408777366
-10.452906147385837 -10.825687582432778 -10.844441491765682
-10.453089554693525 -10.823458573540673 -10.842253807884811
-10.452878256360306 -10.824733622468516 -10.843111069362523
-10.451474843757088 -10.825578558436861 -10.845274660418557
-10.44091045877569 -10.83359714038036 -10.853866106369102
-10.437265684370889 -10.840631847238768 -10.860579973556602
-10.43494691888129 -10.845106152144316 -10.864635155984148
-10.433199288045573 -10.84800027388955 -10.867096168808843
-10.431794922849745 -10.849983646400613 -10.868712769662404
