-31.270055354360988 -31.221099494485294 -31.49092152893473
-29.183684149773672 -29.10030215992647 -29.37461680162191
-28.22796587802751 -28.169214154411765 -28.471230644845157
-27.827955222948347 -27.744987362132353 -28.034890575999608
-27.721385295010972 -27.69188419117647 -27.96880474262544
-27.57270415192918 -27.520767463235295 -27.796339823843592
-27.55107847465806 -27.582573529411764 -27.809608976871814
-27.456781789489927 -27.424743795955884 -27.682435350107802
-27.406808702750237 -27.392934283088234 -27.658798403199725
-27.37692158841511 -27.39529181985294 -27.679934416037828
-27.301891842985775 -27.26838924632353 -27.55649094411505
-27.265891683159587 -27.243102022058824 -27.50935792642591
-27.27450032883779 -27.289819623161765 -27.592272331928655
-27.244479030926673 -27.253707490808825 -27.53723034471776
-27.200277368856796 -27.211909466911763 -27.46083452261368
-27.24094080981051 -27.247524126838236 -27.509722366841434
-27.18331198745395 -27.16375114889706 -27.495064741767933
-27.1720357447288 -27.237258731617647 -27.459898155747744
-27.126617168516812 -27.159579503676472 -27.429752195830066
-27.1021071949953 -27.096077665441175 -27.431188137005098
-27.108789889187175 -27.127475873161764 -27.45454907389259
-27.0733165893459 -27.09427964154412 -27.37827269024402
-27.08001895563078 -27.102599954044116 -27.390424404645238
-27.060863389025513 -27.04991153492647 -27.37312420374363
-27.036836262051263 -27.024917279411763 -27.356452203180126
-27.00913405130604 -27.053764935661764 -27.328182039518815
-27.03190185814783 -27.04145565257353 -27.358426765851625
-27.03512846412545 -27.06902458639706 -27.364088608021365
-26.974287962087512 -27.02958984375 -27.309267122574482
-26.9811964643508 -27.037581571691177 -27.29706181399451
-26.980689429549106 -27.02344554227941 -27.274067997231477
-26.940377483735695 -26.97528147977941 -27.243125398128186
-26.928863109176596 -26.99368336397059 -27.215886156776754
-26.94619552437686 -26.916364889705882 -27.28115467892493
-26.907343523426476 -26.915797334558825 -27.21692129005782
-26.895153485190665 -26.94026194852941 -27.21244502768522
-26.877707859774258 -26.938343290441175 -27.17029358891121
-26.884769146075012 -26.87727481617647 -27.229394186715993
-26.814030519453482 -26.849314108455882 -27.136936189239513
-26.828453225427182 -26.845759420955883 -27.15779198108585
-26.84159770462651 -26.872165670955884 -27.15172818257546
-26.803442570348018 -26.807362132352942 -27.10414650504704
-26.818062533067486 -26.851490119485295 -27.142667321026067
-26.82727917654609 -26.829653033088235 -27.170829147883182
-26.80875204528531 -26.820121783088236 -27.13401339241964
-26.778750036741652 -26.812698759191175 -27.125157337196196
-26.783437735758934 -26.83497127757353 -27.115591159104273
-26.74273349626215 -26.758470818014708 -27.090570716753234
-26.73959943332125 -26.801642922794116 -27.08428335395433
-26.731331872648536 -26.790307904411765 -27.0689385749461
-26.706025753448817 -26.75522403492647 -27.056752024328695
-26.71564150312549 -26.74724379595588 -27.062633985446883
-26.733114761326227 -26.788923483455882 -27.099009120197962
-26.695004099756037 -26.730961626838237 -27.039340806913955
-26.733727275288054 -26.768245634191178 -27.074158265141122
-26.68976114251842 -26.715700827205882 -27.02822920239612
-26.68051740207125 -26.744924172794118 -27.048719788195804
-26.679671884797774 -26.71497931985294 -27.04039508097315
-26.66831404498648 -26.72522403492647 -27.023138138230106
-26.67852332543796 -26.722369025735293 -27.03921715748726
-26.663657270193212 -26.72428883272059 -27.013769492968443
-26.657011700379172 -26.667093290441176 -27.01863201624363
-26.655186941526885 -26.665953584558824 -27.01454660856037
-26.63951203411585 -26.66147518382353 -26.996832584035673
-26.628314785943132 -26.66582950367647 -26.985733229615835
-26.613712428598724 -26.652493106617648 -26.98451587612701
-26.615943948159977 -26.63167738970588 -26.968353020261663
-26.609527171676596 -26.67360294117647 -26.955498456487653
-26.608818593603033 -26.64731732536765 -26.969367481502353
-26.58989840320779 -26.632329963235293 -26.944357757987063
-26.586774061495728 -26.629368106617648 -26.963702193992553
-26.575221873652808 -26.62045036764706 -26.93070157842513
-26.584681777487656 -26.655005744485294 -26.930057299833397
-26.566143853366516 -26.61297679227941 -26.906280625245003
-26.55669091513658 -26.58680606617647 -26.917089422652882
-26.561628993205243 -26.607055376838236 -26.917249439558017
-26.555770154021005 -26.592866498161765 -26.911471221457273
-26.55014868121963 -26.576247702205883 -26.907301594350255
-26.56498228133818 -26.623420266544116 -26.91339257276558
-26.545378925845547 -26.578851102941176 -26.912347869095452
-26.53531247856737 -26.566264935661764 -26.894440522711683
-26.53958736981208 -26.566274126838234 -26.890546522809682
-26.53807797680867 -26.58203929227941 -26.89906340344473
-26.521155384121727 -26.569241727941176 -26.884092635241082
-26.51808891051203 -26.55962086397059 -26.879212119634456
-26.526440670804593 -26.573745404411763 -26.89130602888573
-26.513067934090376 -26.55290785845588 -26.86818971114269
-26.50550680822817 -26.54020565257353 -26.854726087808704
-26.50146714010327 -26.542721737132354 -26.86898903003724
-26.49467628767244 -26.544719669117647 -26.859141099691296
-26.494900564841668 -26.53597541360294 -26.86411961608193
-26.48723250546226 -26.52999195772059 -26.846951869364954
-26.488418571925457 -26.534383042279412 -26.859399117380438
-26.483205314190116 -26.532190946691177 -26.841685475671305
-26.479020057267988 -26.52929917279412 -26.838672334378675
-26.476956783856206 -26.526007582720588 -26.84038198868091
-26.4735977548401 -26.526899126838234 -26.83721304145433
-26.469796295094255 -26.51860523897059 -26.83391317130537
-26.467663365633328 -26.51377987132353 -26.836913679684436
-26.463357320529276 -26.514654181985293 -26.828549159643277
-26.32107029657862 -26.397612591911766 -26.714976204184634
-26.30070746051497 -26.39426815257353 -26.711207767787144
-26.29073478099526 -26.396324678308822 -26.71277692877793
-26.28423740251215 -26.398846507352943 -26.714744217953744
-26.27964706887345 -26.401383272058823 -26.716661358290867
-26.276160132980287 -26.403720128676472 -26.718180753258526
