-47.535116568468105 -50.73614296636086 -48.41437675025458
-35.60568104619565 -37.667661147744646 -36.42996197174134
-29.95028142142422 -32.039116255733944 -31.01823248154277
-26.854614803433563 -28.977225487385322 -28.009419551934826
-24.34645469321414 -26.775023294151374 -25.45558728996945
-23.177817309401664 -25.3953107081422 -24.388220388874746
-22.30789297414669 -24.23348952360474 -22.912294345086558
-21.51286951442503 -23.745733885225537 -22.562492044297354
-20.92106549674929 -23.127695252771407 -21.848427953156822
-20.459150243803332 -22.372778096330276 -21.473107736125254
-20.2681511263206 -22.603254312404435 -21.142753150458248
-20.12131834747054 -22.266322331326453 -21.059359486379837
-19.957634409284843 -21.901297006402906 -20.918635040096742
-19.932463619971557 -22.064748781536696 -21.014733961303463
-19.584591502438034 -21.78627168147936 -20.58485751336558
-19.47033031700782 -21.4800461702026 -20.282763572428717
-19.537096081686816 -21.78724973719419 -20.577693403131363
-19.384504123704794 -21.33041111190749 -20.16579684317719
-19.342248252425335 -21.227767524369266 -20.451404579302444
-19.174232678217695 -20.886270785550458 -19.89798999172607
-19.305638269504268 -21.337276913704127 -19.943126670697556
-19.08984017866213 -21.142239165233182 -19.848807837958248
-18.988465173900344 -20.913075484996178 -19.803537900967413
-18.99299303509752 -20.794621738818808 -19.692707007382893
-19.134597970527732 -20.974961773700304 -20.078912614562118
-18.79439907081725 -20.792304269399846 -19.714613034623216
-18.792762406034132 -20.77592818233945 -19.677012394984725
-18.593914876765034 -20.434059633027523 -19.440391897912424
-18.786546492470034 -20.462291845852448 -19.546942623472503
-18.73503787999035 -20.881237158352448 -19.5650537805499
-18.659229091007212 -20.75203674503058 -19.57467620290224
-18.590547105152886 -20.485421743597094 -19.399099812245417
-18.71195255358594 -20.488370842889907 -19.608611252545824
-18.654012358416296 -20.60247933390673 -19.690491344195518
-18.49600129203068 -20.41743716551988 -19.489150410514256
-18.74877126136479 -20.80359297352829 -19.694779467922608
-18.328940653888154 -20.190765660837155 -19.189469036405296
-18.250644626485677 -20.19001756020642 -19.231168851832994
-18.179069063325375 -19.99809615108945 -19.045697556008147
-18.27946075972674 -20.120194834671253 -19.06726745481161
-18.136182454096403 -20.105892823012233 -19.029873663441954
-18.139204202750406 -19.820049694189603 -19.10915820710285
-18.080980284627692 -19.70847220231269 -18.973326517948067
-17.959168894123323 -19.572741960531346 -18.86019443737271
-17.95057506476026 -19.608098301318808 -18.81139614625764
-17.89788414103769 -19.606249701357033 -18.667065777749492
-17.995618762063184 -19.70908442039373 -18.93102604697047
-17.90009162465715 -19.637492235282874 -18.7886865930499
-17.913945241073243 -19.59793697438838 -18.789157968431773
-17.8878270551859 -19.581595231269112 -18.830615134928717
-18.0101681941411 -19.855404541762233 -19.07543597250509
-17.89662087946973 -19.717289635894495 -18.84288680626273
-17.804096443582385 -19.585517906632262 -18.791689870799388
-17.751732694090308 -19.532404255064986 -18.693498599796335
-17.902737986019403 -19.71165722954893 -18.76138659941446
-17.730155464305668 -19.457002878918196 -18.623168199465375
-17.66733344867432 -19.43723570097477 -18.568637824592667
-17.639539313287283 -19.442808378727065 -18.45535060781568
-17.708367525586652 -19.650071077025995 -18.57546779531568
-17.656578364676452 -19.48023730170107 -18.59376193355397
-17.66600808550894 -19.37989177178899 -18.575612986889002
-17.52953655145266 -19.164008744266056 -18.40676910959776
-17.528043136999695 -19.303055416188837 -18.48471709521385
-17.40299135260057 -19.10183725152905 -18.34998329302444
-17.39673595591223 -19.14649184107416 -18.368623504327903
-17.350139718673812 -19.072765851968654 -18.330891595595723
-17.369662437144452 -19.08674831565367 -18.306728137729124
-17.386750892040837 -19.008826392870795 -18.30830336685336
-17.38930737473334 -19.077950293864678 -18.30909297034114
-17.438900559668326 -19.159294665042047 -18.354279372454176
-17.29224337159691 -18.94783752628058 -18.22270796206721
-17.294729816385615 -18.96889036219419 -18.286409273167006
-17.29783965804043 -18.9585289444763 -18.25474557662933
-17.30288933138206 -18.970998781536696 -18.15733993126273
-17.317902838975517 -18.95910084575688 -18.23698248154277
-17.36050572525142 -19.117466731173547 -18.305854999363543
-17.4437712693011 -19.21312953937309 -18.294032825229124
-17.330235263866314 -19.142227219514528 -18.24630059826884
-17.226060330213837 -18.89465518683104 -18.175707659750508
-17.249350413322837 -19.031683032301224 -18.17909480015275
-17.33528533402326 -19.18563049503058 -18.243295331593686
-17.33785213391406 -19.20326386897936 -18.273222696028512
-17.26596903888155 -19.024591755064986 -18.19912527049389
-17.216197683868348 -18.87345153621942 -18.16347178907841
-17.117754747498477 -18.79122168864679 -18.0583431453666
-17.07874165100569 -18.773168721330276 -17.958795427062118
-17.106277459620074 -18.794453005542813 -18.017639781695518
-17.080668189379317 -18.775293566035934 -17.982966840631363
-17.01487382860118 -18.702923415997706 -17.939809142693484
-17.020487178103412 -18.682066191227065 -17.932808124363543
-17.091159391190065 -18.748453029434252 -18.01025291178717
-17.035092561141305 -18.690707425458715 -17.957733340758654
-17.069039119641406 -18.796280700496943 -17.981510947046843
-17.054529964318366 -18.724681049311926 -17.964915351323828
-17.027922901958046 -18.730395582473243 -17.963602660386965
-17.012891537675234 -18.69999671492737 -17.933973634801426
-17.02434045325833 -18.749837239583332 -17.9096808967668
-17.01357584569281 -18.722178421253822 -17.89030279404277
-17.00537109375 -18.678673607129205 -17.887257748854378
-16.97212908084874 -18.64395934871942 -17.843746022148675
-15.116929371635006 -16.98513653956422 -16.29203296047607
-15.05490852613267 -16.96384926892202 -16.28126988925662
-15.03375688077763 -16.959617498088686 -16.281368341076885
-15.023208140745632 -16.956056180714832 -16.279350575992872
-15.0161906602372 -16.952230564315748 -16.27666850973778
-15.010485646396281 -16.948430332568808 -16.274327544233707
-15.00546771828017 -16.944952635225537 -16.272291878818738
-15.00091465931024 -16.941897517679664 -16.27037455448065
-14.996639371063592 -16.938978282683486 -16.26884606510947
-14.992585108949614 -16.935996332664374 -16.267635803844197
-14.988669930604937 -16.932885966169724 -16.266606534814155
-14.9848862965385 -16.92976216074159 -16.265786102978616
-14.981292737009854 -16.926572653860855 -16.265091967922608
-14.978014844067452 -16.923384640194953 -16.26442070551171
-14.974948453690065 -16.920222011181192 -16.263618174007128
-14.972002496761988 -16.91707580753058 -16.26260083853106
-14.96916864016152 -16.9138982463685 -16.26140748313391
-14.966411964140594 -16.910684848050458 -16.26009777558554
-14.963672351178383 -16.90752371225153 -16.25869657745672
-14.961008529942097 -16.90447755399465 -16.25727151221996
-14.95849272081979 -16.901380626433486 -16.255604792515275
-14.956049727308512 -16.898225463493883 -16.25377895875764
-14.95363312201595 -16.89504491590214 -16.25181787805499
-14.951182787421272 -16.89180911936162 -16.24990751495672
-14.94863721715004 -16.888501648509173 -16.24827659591395
-14.945931928712922 -16.88522852159786 -16.247114068864562
-14.94319668071922 -16.882071865443425 -16.246078833057535
-14.940521550246343 -16.879048105409023 -16.24472238575611
-14.937881736336855 -16.876125883983182 -16.24327842572556
-14.93530660332436 -16.873291762232416 -16.241683307344704
-14.932740001841223 -16.870362074732416 -16.239783883337576
-14.930254549090817 -16.867380124713304 -16.237682583375765
-14.928073850505385 -16.864756546253822 -16.23588260565173
-14.926189572963226 -16.862648126911314 -16.23454107529277
-14.92442473683208 -16.8608726944763 -16.23348992808045
-14.922737081280475 -16.85919282779052 -16.232609828475052
-14.92107244101737 -16.857499522171253 -16.23183215854124
-14.919379031643642 -16.855744994743883 -16.23099084298625
-14.917556855698903 -16.853878476204127 -16.22999240230397
-14.915680911278443 -16.85195969514526 -16.22875230715377
-14.913647232768692 -16.849939375477827 -16.227275529849795
-14.911620300119361 -16.84805941800459 -16.225873337258147
-14.909731062385717 -16.846407922400612 -16.224774455829937
-14.907948964788195 -16.844875883983182 -16.223765076056516
-14.90623472261022 -16.84339162844037 -16.22279249140784
-14.904506790303738 -16.84189692039373 -16.221878580066193
-14.90282806309681 -16.840447008792047 -16.221207317655296
-14.901213619971557 -16.839046373279817 -16.220761798307027
-14.899668024304145 -16.837611393826453 -16.220407769539207
-14.898225997434986 -16.836043518253057 -16.22006666878819
-14.896804604962414 -16.834236728306575 -16.219707667706214
-14.895352459302622 -16.83207455323012 -16.21933076629328
-14.89375964261225 -16.82949875764526 -16.218942925789207
-14.891953339280272 -16.82646155867737 -16.218607791815174
-14.890075212375558 -16.82334372610856 -16.218558068673627
-14.888290932293783 -16.820617115825687 -16.218629669997455
-14.886661608594068 -16.817981591647552 -16.21842779404277
-14.885015618650955 -16.81535353354358 -16.21817122263238
-14.883419825845692 -16.81292108658257 -16.21789575642821
-14.8819520059808 -16.810714115061163 -16.217358746499492
-14.880582993130334 -16.80854447391055 -16.216583065491346
-14.879211202572632 -16.806380805619266 -16.215769594895622
-14.87778663557751 -16.80417532731269 -16.214928279340633
-14.87623588131095 -16.801959396502294 -16.214080002545824
-14.87439108689303 -16.79982260607798 -16.21328841013238
-14.872304036722877 -16.79784260321101 -16.21250576788442
-14.870371347711805 -16.795852147840215 -16.21152025521894
-14.868591631006197 -16.79361232559251 -16.21010811799898
-14.866838302519302 -16.791111190749234 -16.208232561099795
-14.86505243517625 -16.78845028191896 -16.205913473778004
-14.86319156973791 -16.78561018730887 -16.203255274630855
-14.861307887418732 -16.7826491422974 -16.20055729697047
-14.85954900351737 -16.77966868549312 -16.198178541878818
-14.857910949880639 -16.776704654051986 -16.19625624522658
-14.856319125228566 -16.773707771884556 -16.194650187754583
-14.854729284653088 -16.77062428325688 -16.193149543342667
-14.85307734248019 -16.767513916762233 -16.191712544551933
-14.851377385653697 -16.764463278860855 -16.190312340885946
-14.84972921322633 -16.76148730170107 -16.18899766102342
-14.848177466921475 -16.75856508027523 -16.18776253818737
-14.84667988590766 -16.755638379204893 -16.186571171715887
-14.845225557763612 -16.752814709957953 -16.185447428716905
-14.843819045865501 -16.750226968654435 -16.184431087703665
-14.842488920916294 -16.747910992450304 -16.183599716776985
-14.841286768907457 -16.745898138857033 -16.182937404531568
-14.84014949620327 -16.744104787844037 -16.182372549643585
-14.83902631044291 -16.742441346521407 -16.181818633846742
-14.837918997295306 -16.740942158830276 -16.18128858515784
-14.83687120644555 -16.73958930619266 -16.18078041465122
-14.835830359863877 -16.73838278860856 -16.18028119431008
-14.83482125850772 -16.737256904625383 -16.179767057026478
-14.833831005879215 -16.736245998184252 -16.179224080320775
-14.832869125546019 -16.735270928899084 -16.178676131300918
-14.831952680566843 -16.734348122133028 -16.178156027240327
-14.831074925081268 -16.733462645737767 -16.177655812436356
-14.830234470235677 -16.73260255399465 -16.177159575483707
-14.82940790392625 -16.731770833333332 -16.176683227787677
-14.828583321693417 -16.731001827694953 -16.176231741662424
-14.827776992965259 -16.730294043864678 -16.175765338594704
-14.826969076975823 -16.729637029338686 -16.175308880155296
