-41.42147864583333 -41.362138671875 -41.59381770833333
-40.56335026041667 -40.409609375 -40.68913802083333
-40.3931484375 -40.25408984375 -40.542005208333336
-40.327923958333336 -40.188931640625 -40.48823828125
-40.24478216145833 -40.110802734375 -40.38808463541667
-40.18450872395833 -40.0550546875 -40.33936197916667
-40.141128385416664 -40.033109375 -40.307868489583335
-40.06988072916667 -39.984662109375 -40.25701171875
-40.012802604166666 -39.9332734375 -40.21479166666666
-40.004002604166665 -39.973208984375 -40.20838671875
-39.957508984375 -39.911955078125 -40.16469921875
-39.925698828125 -39.908345703125 -40.15466796875
-39.89824479166667 -39.9137734375 -40.13330338541667
-39.8860515625 -39.8772890625 -40.11850390625
-39.85732955729166 -39.856880859375 -40.109229166666665
-39.85461197916667 -39.851662109375 -40.0914140625
-39.8432984375 -39.856861328125 -40.100752604166665
-39.79964127604167 -39.822328125 -40.03924479166667
-39.81003489583333 -39.865248046875 -40.07980338541667
-39.803633723958335 -39.82833203125 -40.05065755208334
-39.79987526041667 -39.835712890625 -40.08711067708333
-39.77411705729167 -39.80062109375 -40.05728776041666
-39.774964453125 -39.825859375 -40.06692708333333
-39.756351432291666 -39.819560546875 -40.04092708333334
-39.764453645833335 -39.808189453125 -40.0427890625
-39.744834635416666 -39.787607421875 -40.045475260416666
-39.728850130208336 -39.77539453125 -40.03079557291667
-39.7183171875 -39.755826171875 -39.997884114583336
-39.71020651041667 -39.78657421875 -40.0098515625
-39.687772395833335 -39.74155859375 -39.992666666666665
-39.690744140625 -39.766203125 -39.97935807291667
-39.674491276041664 -39.73954296875 -39.97316536458333
-39.680593359375 -39.746681640625 -39.97977994791667
-39.673981770833336 -39.74748046875 -39.99016666666667
-39.65052955729167 -39.735470703125 -39.95582682291667
-39.652155078125 -39.736390625 -39.97591276041667
-39.650130598958334 -39.721060546875 -39.97186328125
-39.63669453125 -39.716173828125 -39.960365885416664
-39.641803385416665 -39.740181640625 -39.97389453125
-39.615520572916665 -39.7188828125 -39.93433203125
-39.61628515625 -39.719755859375 -39.94480729166666
-39.596146223958335 -39.697818359375 -39.926524739583336
-39.599641276041666 -39.70018359375 -39.95643098958333
-39.60022135416666 -39.682845703125 -39.948731770833334
-39.588255598958334 -39.698775390625 -39.92881901041667
-39.576361848958335 -39.67833203125 -39.9067734375
-39.574183463541665 -39.68123828125 -39.90760677083333
-39.56316822916666 -39.6575390625 -39.89849739583333
-39.56758307291667 -39.668751953125 -39.91144661458333
-39.54987447916667 -39.649703125 -39.897720052083336
-39.552075260416665 -39.6530390625 -39.91269140625
-39.54516432291667 -39.655955078125 -39.918950520833334
-39.542862890625 -39.649671875 -39.90313411458333
-39.53068125 -39.624470703125 -39.88758333333333
-39.533113541666665 -39.64074609375 -39.891596354166666
-39.530979817708335 -39.641279296875 -39.88193359375
-39.523486328125 -39.642876953125 -39.882217447916666
-39.52390911458333 -39.6301328125 -39.88602994791667
-39.5183671875 -39.645310546875 -39.888122395833335
-39.51574596354167 -39.655513671875 -39.88056380208333
-39.49925520833333 -39.615078125 -39.86189453125
-39.50064361979167 -39.61043359375 -39.86730338541667
-39.49330729166667 -39.61034765625 -39.85978125
-39.489424609375 -39.62823046875 -39.85278515625
-39.480776041666665 -39.613779296875 -39.86179557291667
-39.47466901041667 -39.61848046875 -39.849498697916665
-39.47062630208333 -39.610681640625 -39.845701822916666
-39.467017578125 -39.59734765625 -39.841625
-39.462480729166664 -39.58828515625 -39.8400625
-39.45972213541667 -39.579255859375 -39.82829817708333
-39.457929166666666 -39.58007421875 -39.8264921875
-39.45524010416667 -39.593865234375 -39.83507682291667
-39.450623828125 -39.59899609375 -39.83139973958333
-39.441345052083335 -39.573173828125 -39.8308046875
-39.44130611979167 -39.58163671875 -39.82515625
-39.43955794270833 -39.580837890625 -39.818904947916664
-39.432975651041666 -39.56766015625 -39.81115625
-39.4304953125 -39.570830078125 -39.80769791666667
-39.426153515625 -39.5623671875 -39.80667317708333
-39.42587890625 -39.57466015625 -39.802013020833336
-39.42076315104167 -39.56333984375 -39.80062890625
-39.4163984375 -39.565599609375 -39.79515625
-39.41354557291667 -39.562521484375 -39.7951171875
-39.409951953125 -39.55458984375 -39.791098958333336
-39.405561067708334 -39.548521484375 -39.78925911458333
-39.407857552083335 -39.547115234375 -39.79598307291667
-39.40411328125 -39.545525390625 -39.79050390625
-39.39970807291667 -39.540421875 -39.7824921875
-39.400119921875 -39.546287109375 -39.7756953125
-39.39793736979167 -39.547025390625 -39.7861328125
-39.39507864583334 -39.546478515625 -39.781518229166664
-39.39317526041667 -39.538455078125 -39.7738671875
-39.392415364583336 -39.543123046875 -39.77636458333333
-39.39067473958333 -39.5418125 -39.77728125
-39.388546875 -39.534728515625 -39.775985677083334
-39.38700052083333 -39.540298828125 -39.77405208333333
-39.386242578125 -39.5410546875 -39.77375130208333
-39.38414205729167 -39.53760546875 -39.770674479166665
-39.382555078125 -39.53485546875 -39.76911067708333
-39.381759505208336 -39.53518359375 -39.76959895833333
-39.36197278645833 -39.533294921875 -39.7666171875
-39.351594140625 -39.534599609375 -39.76794921875
-39.3440703125 -39.535814453125 -39.76960807291667
-39.33808307291667 -39.536869140625 -39.77121354166667
-39.333083203125 -39.53772265625 -39.772701822916666
