-259.28862275449103 -260.9668229166667 -268.74363162878785
-252.12375561377246 -254.6982638888889 -263.12739109848485
-248.23630239520958 -251.76836805555556 -259.6440814393939
-245.18845434131737 -249.57541666666665 -257.2366240530303
-242.4770490269461 -247.65083333333334 -255.16957859848486
-240.36296781437125 -246.15173611111112 -253.8872159090909
-238.65451908682635 -245.54519097222223 -252.67267992424243
-237.15656811377247 -244.53862847222223 -251.79114583333333
-235.95783121257486 -244.40883680555555 -251.71174242424243
-234.84580838323353 -243.96053819444444 -250.61425189393938
-233.68008046407186 -243.7239409722222 -250.29749053030304
-232.73386976047905 -243.8866840277778 -250.16875
-231.96642964071856 -243.76506944444444 -249.85788352272726
-231.37534618263473 -243.4714409722222 -249.69715909090908
-230.87021893712574 -243.5404340277778 -249.7189393939394
-230.11541916167664 -243.54331597222222 -249.6751183712121
-229.51846931137726 -243.38494791666668 -249.68688446969696
-228.85705464071856 -243.41805555555555 -249.6998816287879
-228.2468001497006 -243.31756944444444 -249.43091856060607
-227.9978012724551 -243.3932986111111 -249.3772490530303
-227.57441055389222 -243.55491319444445 -249.45658143939394
-226.91360404191616 -243.40368055555555 -249.23020833333334
-226.49383420658683 -243.38333333333333 -249.25182291666667
-226.42051833832335 -243.56668402777777 -249.56086647727273
-225.64064371257484 -243.74657986111112 -249.35679450757576
-225.37943488023953 -243.90791666666667 -249.37180397727272
-224.96757110778444 -243.85987847222222 -249.54588068181818
-225.01474550898203 -243.83868055555556 -249.66420454545454
-224.39699663173653 -243.77559027777778 -249.49467329545453
-223.9964258982036 -244.00881944444444 -249.52703598484848
-223.7539015718563 -243.84460069444444 -249.7540956439394
-223.41826347305388 -243.654375 -249.6232481060606
-223.19474176646708 -243.71420138888888 -249.6809422348485
-223.00422904191618 -243.79317708333335 -249.7549952651515
-222.68182073353293 -243.74684027777778 -249.67848011363637
-222.38047342814372 -243.7984375 -249.95374053030304
-222.14287986526946 -243.9220659722222 -249.65011837121213
-221.98472118263473 -243.98944444444444 -249.45646306818182
-221.59721182634732 -243.93048611111112 -249.4939393939394
-221.31526946107783 -244.23215277777777 -249.62526041666666
-221.30009356287425 -243.91104166666668 -249.33577178030302
-220.89587387724552 -244.09008680555556 -249.60142045454546
-220.90176833832336 -244.0036111111111 -249.6770359848485
-220.672623502994 -244.0312673611111 -249.61176609848485
-220.48684505988024 -244.14177083333334 -249.38181818181818
-220.3013005239521 -244.21991319444444 -249.3500946969697
-220.07004116766467 -244.19427083333332 -249.52722537878788
-219.9345621257485 -244.2274826388889 -249.50258049242424
-219.88010853293414 -244.15510416666666 -249.51403882575758
-219.67516841317365 -244.23340277777777 -249.4891808712121
-219.51749625748502 -244.2423611111111 -249.6833806818182
-219.30298465568862 -244.29038194444445 -249.82608901515152
-219.11900261976047 -244.00765625 -249.48771306818182
-219.05919723053893 -243.92123263888888 -249.33342803030303
-219.05286302395209 -244.02307291666668 -249.60582386363637
-218.79190681137726 -244.05086805555555 -249.33432765151514
-218.5888473053892 -244.10973958333332 -249.4167140151515
-218.53785553892214 -244.09104166666665 -249.4579308712121
-218.40479041916169 -243.9898263888889 -249.49815340909092
-218.48844498502993 -244.12579861111112 -249.4504734848485
-218.23613398203594 -243.97211805555557 -249.40717329545456
-218.16842252994013 -244.04536458333334 -249.51408617424244
-217.91013285928145 -244.3447048611111 -249.40958806818182
-217.7963884730539 -244.1029340277778 -249.2995265151515
-217.72657185628742 -244.12598958333334 -249.3450047348485
-217.56730913173652 -244.1025173611111 -249.50416666666666
-217.51278068862274 -244.23506944444443 -249.47149621212122
-217.48694797904193 -244.27815972222223 -249.3049005681818
-217.37447604790418 -244.18829861111112 -249.30823863636363
-217.27570172155689 -244.1991840277778 -249.3516571969697
-217.10563248502993 -244.29588541666666 -249.48122632575758
-216.99922342814372 -244.3882986111111 -249.49270833333333
-217.0284618263473 -244.25796875 -249.3860558712121
-217.00370508982036 -244.16342013888888 -249.24195075757575
-216.88897829341317 -244.12536458333332 -249.35482954545455
-216.75833645209582 -244.25690972222222 -249.40471117424244
-216.71251871257485 -244.17902777777778 -249.46245265151515
-216.72334393712575 -244.0965625 -249.2966856060606
-216.6547623502994 -244.1730902777778 -249.29000946969697
-216.6305389221557 -244.23161458333334 -249.2773674242424
-216.61260291916167 -244.13760416666668 -249.22123579545453
-216.55244199101796 -244.11107638888888 -249.3003787878788
-216.49808196107784 -244.035 -249.35217803030304
-216.35117889221556 -244.1511284722222 -249.39401041666667
-216.2588604041916 -244.24548611111112 -249.45111268939394
-216.20314371257484 -244.23774305555557 -249.46780303030303
-216.12795658682634 -244.2421701388889 -249.45833333333334
-216.05779378742514 -244.3032638888889 -249.46489109848486
-216.02930389221558 -244.31590277777778 -249.49464962121212
-215.98386976047905 -244.34828125 -249.45973011363637
-214.88796781437125 -246.03463541666667 -251.3243134469697
-214.56828218562873 -246.58496527777777 -251.90982481060607
-214.35505239520958 -246.880625 -252.2221590909091
-214.1829996257485 -247.08027777777778 -252.42994791666666
-214.03349550898204 -247.22633680555555 -252.58338068181817
