-58.05751015625 -58.06078515625 -58.147645833333335
-57.16703984375 -57.249626953125 -57.27669010416667
-57.0096859375 -57.0957734375 -57.1474453125
-56.920281770833334 -57.04576953125 -57.09125
-56.83833203125 -56.986833984375 -57.04441015625
-56.812675 -56.958755859375 -57.010828125
-56.74311822916667 -56.92965234375 -56.98120572916667
-56.71817161458333 -56.93018359375 -56.96785807291667
-56.644873697916665 -56.8663359375 -56.895688802083335
-56.61059010416667 -56.83748828125 -56.87235026041667
-56.56575546875 -56.804927734375 -56.8661328125
-56.5157171875 -56.769505859375 -56.79404427083333
-56.469896875 -56.736728515625 -56.78299609375
-56.41153333333333 -56.6818984375 -56.736287760416666
-56.36945442708333 -56.654951171875 -56.70394270833334
-56.348046875 -56.630025390625 -56.69742317708333
-56.312456770833336 -56.6071953125 -56.6828515625
-56.27152395833333 -56.578212890625 -56.640950520833336
-56.26964088541666 -56.594251953125 -56.654759114583335
-56.21508671875 -56.57449609375 -56.62075651041667
-56.227126302083335 -56.564134765625 -56.623125
-56.17209244791667 -56.512365234375 -56.587102864583336
-56.15567005208333 -56.51580859375 -56.60199739583334
-56.13912552083333 -56.524537109375 -56.59884114583333
-56.10908385416667 -56.46416796875 -56.55338671875
-56.11859166666667 -56.503376953125 -56.57904166666667
-56.09507864583333 -56.510349609375 -56.55293880208333
-56.07844010416667 -56.508203125 -56.5408046875
-56.04627578125 -56.466935546875 -56.533450520833334
-56.0321890625 -56.455576171875 -56.495755208333335
-56.01861536458333 -56.4493984375 -56.47605078125
-56.002158072916664 -56.438611328125 -56.491795572916665
-55.98626536458333 -56.399650390625 -56.46929427083333
-55.977291666666666 -56.4381328125 -56.466671875
-55.96391328125 -56.442287109375 -56.47231510416667
-55.946476822916665 -56.41875 -56.4682890625
-55.91765859375 -56.392216796875 -56.44008984375
-55.92283776041667 -56.39941015625 -56.4494921875
-55.90692734375 -56.38940234375 -56.41184635416667
-55.88195234375 -56.36248828125 -56.3938828125
-55.87892369791667 -56.365388671875 -56.414057291666666
-55.877242447916665 -56.388169921875 -56.40432161458333
-55.84754036458333 -56.355490234375 -56.399795572916666
-55.84458541666667 -56.383966796875 -56.37778515625
-55.844909375 -56.373146484375 -56.39225520833333
-55.82954114583333 -56.373869140625 -56.37208463541667
-55.82177005208333 -56.366962890625 -56.38350390625
-55.81629713541667 -56.346412109375 -56.36702734375
-55.810478645833335 -56.355701171875 -56.39382421875
-55.80259505208333 -56.356935546875 -56.36861458333333
-55.78433177083333 -56.338490234375 -56.35960026041667
-55.773516666666666 -56.344826171875 -56.368846354166664
-55.76558958333333 -56.32558203125 -56.338190104166664
-55.76656302083333 -56.3303203125 -56.3564921875
-55.753750520833336 -56.32733203125 -56.328010416666665
-55.751547135416665 -56.330732421875 -56.3261640625
-55.74286328125 -56.3208203125 -56.34371875
-55.728956770833335 -56.303951171875 -56.31762760416667
-55.721238541666665 -56.3007109375 -56.3257265625
-55.7181921875 -56.29996875 -56.32067578125
-55.702276302083334 -56.28905078125 -56.30820052083333
-55.69663125 -56.27148828125 -56.29948177083333
-55.69115703125 -56.275509765625 -56.30165234375
-55.682439322916665 -56.270064453125 -56.289669270833336
-55.67985703125 -56.271630859375 -56.28226171875
-55.67943046875 -56.280779296875 -56.28835677083333
-55.669385416666664 -56.270671875 -56.29043880208334
-55.65563177083333 -56.245953125 -56.273084635416666
-55.65089244791667 -56.258544921875 -56.28328776041667
-55.64619140625 -56.255087890625 -56.273309895833336
-55.64168177083334 -56.25746875 -56.2597890625
-55.634050260416664 -56.24305859375 -56.25885807291667
-55.63141171875 -56.246400390625 -56.25902473958333
-55.62620859375 -56.236609375 -56.259348958333334
-55.617494010416664 -56.229810546875 -56.26194140625
-55.614740885416666 -56.233158203125 -56.24929296875
-55.6085875 -56.236544921875 -56.25997395833333
-55.60180833333333 -56.22515234375 -56.24722135416667
-55.602878125 -56.230205078125 -56.245966145833336
-55.59481432291667 -56.231763671875 -56.2387734375
-55.590010416666665 -56.2258125 -56.24335416666667
-55.58612447916666 -56.215212890625 -56.23824869791667
-55.58399505208333 -56.218921875 -56.23184375
-55.57825859375 -56.2171640625 -56.237657552083334
-55.575365885416666 -56.21512890625 -56.23653255208333
-55.57257942708333 -56.216046875 -56.23264713541667
-55.568427604166665 -56.205583984375 -56.22333723958333
-55.5671328125 -56.211478515625 -56.233397135416666
-55.563075 -56.206138671875 -56.22758203125
-55.55869505208333 -56.199291015625 -56.22645052083333
-55.557580989583336 -56.204595703125 -56.22699479166667
-55.55428828125 -56.20957421875 -56.227256510416666
-55.55138463541667 -56.207732421875 -56.220645833333336
-55.54864869791667 -56.202296875 -56.22284895833333
-55.54705625 -56.20226171875 -56.226747395833335
-55.54501640625 -56.194037109375 -56.222328125
-55.54375520833333 -56.195826171875 -56.224265625
-55.54107838541667 -56.19408984375 -56.22050260416667
-55.53890859375 -56.1976640625 -56.22266666666667
-55.53708489583333 -56.194642578125 -56.222125
-55.51506015625 -56.20354296875 -56.22815234375
-55.50185234375 -56.211845703125 -56.23536588541667
-55.49186171875 -56.218435546875 -56.241623697916665
-55.48375026041667 -56.223908203125 -56.2469921875
-55.476880989583336 -56.2284375 -56.25159114583333
