-34.678418866738504 -34.96855536157248 -36.08276465461472
-34.0601052891523 -34.52560337912532 -35.526270036659
-33.650696277837646 -34.16949299638697 -35.115612870184016
-33.32639233117816 -33.919356918005825 -34.804096733036225
-33.10629837913075 -33.674334943243096 -34.54438951085394
-33.04655666307471 -33.68557046753667 -34.49553218444508
-33.064121318247125 -33.620597464139344 -34.51725578637148
-32.98167272808908 -33.69913090993044 -34.44319315159574
-32.859230423850576 -33.46489556932161 -34.320311376868894
-32.91588451867816 -33.59361181514237 -34.381081754959745
-32.83312062230603 -33.49736858957075 -34.288029219378956
-32.912726068606325 -33.62472363028473 -34.454789480304775
-32.71585915050287 -33.447568536319025 -34.265690141604374
-32.71381038972701 -33.44681736680328 -34.24302872520126
-32.724361530172416 -33.37485675959879 -34.28500125790684
-32.619704674030174 -33.3546729231827 -34.202715057144914
-32.65020249640805 -33.35561873112597 -34.222628171722256
-32.57254983836207 -33.348177813578516 -34.195194571233465
-32.49340315193965 -33.33681337292386 -34.17222429377516
-32.59846848060345 -33.27840330767364 -34.13586629348764
-32.578824084051725 -33.31405921389668 -34.22149830182576
-32.51866154813219 -33.238207523322906 -34.092739182001154
-32.42578641343391 -33.19295113985656 -34.0948697617165
-32.45838474317529 -33.25482214597714 -34.097737115439905
-32.49707974137931 -33.227437109037965 -34.14166951193214
-32.41570346174569 -33.247912271152394 -34.09996990008626
-32.39350484913793 -33.249004900506904 -34.1161935289678
-32.49821030890804 -33.281941766878774 -34.16512273576768
-32.35116536458333 -33.17183497694672 -33.999760773073604
-32.34487585308908 -33.19220713236087 -34.0721622969379
-32.3909256016523 -33.26439692420729 -34.08780189764232
-32.31752267420977 -33.173821384275236 -33.998971211903395
-32.28214383530891 -33.0912546679519 -34.01180298483324
-32.29975653286638 -33.14188930718831 -34.025535508913165
-32.253939587823275 -33.12970460458909 -33.931193618818284
-32.1969747889727 -33.0683589537047 -33.918467420212764
-32.265089798850575 -33.115973326952115 -33.9641361774008
-32.17630399155891 -33.08869719484739 -33.92141339311386
-32.12321513559626 -32.967568477337686 -33.84065689692352
-32.14390456627155 -33.02143550474547 -33.86628787198102
-32.1824154768319 -32.97677188376294 -33.88067181210466
-32.113022404813215 -32.98680292480047 -33.858507942783206
-32.152731793283046 -33.03607446310127 -33.883940123634275
-32.0848675466954 -33.00680771071506 -33.869064252084534
-32.100434065193966 -33.012246211712686 -33.823802068358255
-32.047059648886496 -32.942622108229074 -33.867062832446805
-32.04390333153736 -32.91462661440358 -33.790345115727426
-31.986835039511494 -32.95829008034944 -33.77996176861702
-32.06365930316092 -32.98711847497843 -33.82187028284934
-32.00484565822558 -32.89801283433995 -33.76185352573318
-31.99475686961207 -32.930429822314494 -33.75313353579644
-31.952471488864944 -32.908699410860656 -33.74483472002588
-31.95837778376437 -32.897202683482526 -33.75257870902818
-31.92717156070402 -32.881543558563415 -33.74847366482174
-31.938643700610633 -32.852112711658755 -33.75227770989074
-31.982540633979884 -32.9410995470233 -33.75055033424382
-31.907845725574713 -32.85813196822422 -33.712105556354224
-31.90271978268678 -32.853333204136106 -33.694443196520986
-31.912028331537357 -32.87152936933779 -33.73484783819724
-31.84536795079023 -32.84837371589193 -33.67494339419206
-31.862563308189657 -32.86294842671484 -33.68174058366878
-31.85174288344109 -32.835586982312336 -33.66806870866878
-31.81669921875 -32.81095932309642 -33.645297225416904
-31.817396843570403 -32.81820644480695 -33.66239914282634
-31.840813128591954 -32.794302149617124 -33.672454535652676
-31.83035605244253 -32.79953969275777 -33.65771456296722
-31.800102370689654 -32.79240084393874 -33.63351670320586
-31.829267465876438 -32.82368033460958 -33.671794134560095
-31.758680405890804 -32.78838505716135 -33.63730839383266
-31.775700655531608 -32.77182351771462 -33.64028693753594
-31.73860385237069 -32.766146563578516 -33.61427297476998
-31.745157260237068 -32.76688024933941 -33.629318439117306
-31.75537670617816 -32.7719187304519 -33.60660872807648
-31.71085308908046 -32.743079803440466 -33.58413487456872
-31.699864179238507 -32.754881969909405 -33.610611567351924
-31.726750965337644 -32.75814532328516 -33.60065388693214
-31.72111013829023 -32.734063030832075 -33.59057715461472
-31.677729997306034 -32.73962644588546 -33.59018405872628
-31.67249259159483 -32.723529173856775 -33.569938497340424
-31.65868579382184 -32.73116346594586 -33.58199194041116
-31.6549295079023 -32.706369816382654 -33.56135552939908
-31.66599923670977 -32.71273348185397 -33.581986324755604
-31.649661458333334 -32.72634721810289 -33.56244496657562
-31.680976338002875 -32.729102910644954 -33.557541376150084
-31.630532731681033 -32.72160090527934 -33.55137314009488
-31.62162491020115 -32.700140965406604 -33.55223907418056
-31.61746542744253 -32.70443902003343 -33.53440936781196
-31.61654442798132 -32.6858638997115 -33.552308708309376
-31.607756487966952 -32.69572663327761 -33.544664677975845
-31.6020877110273 -32.68986262402934 -33.5372351656843
-31.59129613415948 -32.69539380999245 -33.539150104226565
-31.586379534841953 -32.68739299099439 -33.53296052868028
-31.57213968211207 -32.68942489821506 -33.540349608251866
-31.573781990840516 -32.67830017458477 -33.53345246010638
-31.579947467672415 -32.68554350463762 -33.53800226423232
-31.574641141343392 -32.67558661157248 -33.53299085322024
-31.553930046695402 -32.67345317218507 -33.53128706332662
-31.547010596264368 -32.67212103645384 -33.52872407813398
-31.543882453304597 -32.66599076857744 -33.524073192208164
-31.54592908135776 -32.666387207452544 -33.52650814045428
-31.366177375179596 -32.774964274158755 -33.627147426682
-31.29935479525862 -32.85778166118421 -33.7099435289678
-31.259307875359195 -32.91229937917925 -33.76737034574468
-31.2311209141523 -32.95033834225356 -33.80688546758194
-31.2089572108477 -32.97845748624892 -33.83609249209316
