-155.39877215836137 -137.88461410733262 -170.9857345078374
-151.8971334133285 -134.5705262852019 -167.64896884962806
-150.73834787900967 -133.36157927072264 -166.85085265010628
-149.4624083537645 -131.5225740568544 -166.8832981867694
-148.58339431264113 -130.8739767368491 -165.61222062632837
-148.88119878948797 -131.80402331296494 -165.82470028560041
-148.59815214105254 -130.3305098465728 -166.82562807186503
-147.77448652857413 -129.89623945603083 -165.0917553633103
-147.18778603777645 -129.55744595178 -164.36179305592455
-147.45489263606328 -129.97530262021786 -164.78245799017003
-146.87510601838528 -129.42043869553666 -164.17189783142933
-146.61571783526713 -129.19948442481402 -163.8669322031084
-145.89975492544468 -128.430561321068 -163.25362812167907
-146.57390091103173 -129.5054421825186 -164.20337199455366
-145.497215979686 -128.65741232731136 -162.35994163456428
-145.36071553589613 -128.24396835148778 -162.5618399641339
-145.7615884969879 -128.6553180625664 -163.193158043305
-145.05299358389877 -128.3015367627524 -162.40484482930393
-144.9345844511672 -127.46298195071732 -162.61203797489372
-144.41700252126594 -127.06624227882571 -161.85162269195004
-144.68423902666476 -127.48361326049415 -161.77408923352817
-144.56310324980078 -127.83627997143996 -161.4056584584219
-144.44738666842153 -127.49893107399043 -161.69592272183846
-144.08832070855564 -126.74537767335282 -161.48156673419234
-143.48281133691086 -127.27906856070669 -160.26182045363976
