-101.70553919645592 -98.41186505625684 -93.34889153814935
-97.55767100907073 -95.20688857735362 -89.5778130073052
-95.7875453297229 -93.70493842098963 -88.82529931006493
-94.98783692303276 -92.89742923246747 -88.06283989448052
-94.36178381429883 -92.44556584339661 -87.8386921672078
-94.16118304596601 -92.14563620600718 -87.7331549310065
-93.72480432868953 -91.96692796996595 -87.55326704545455
-93.4036139390692 -91.60072668053297 -87.0959770698052
-93.21708272734232 -91.49327197241875 -86.96158431412337
-93.06165799142683 -91.34059478522275 -87.21713423295455
-92.91844716396203 -91.2473221122059 -87.04665939529221
-92.85442760161513 -91.24629466728477 -86.87870840097402
-92.72796664497857 -90.86767400006839 -86.43274908685065
-92.40013766361757 -90.91645253400394 -86.93915127840908
-92.44282654144979 -91.0778683020447 -86.79438159496753
-92.37081686791947 -90.92042675092526 -86.31587104301948
-92.22647638548683 -90.74331902529943 -86.34937855113637
-92.20837140711114 -90.65945862053897 -86.52454342532468
-92.15961504420545 -90.77459657424154 -86.35536728896103
-91.90208899456522 -90.6705595677001 -86.29687753652597
-92.00459456808788 -90.66634799348705 -86.5314072646104
-91.71072759587416 -90.4172450262285 -86.06777090097403
-91.62921901312768 -90.40666507468613 -85.88426339285714
-91.5517578125 -90.12919705758299 -85.93136921672078
-91.48360056739897 -90.5716627098707 -86.01713423295455
-91.32395263223361 -90.17026139789982 -86.19976156655844
-91.47906580105634 -90.27544351125042 -85.73910308441559
-91.2551399600046 -89.91612181310988 -85.64391741071428
-91.29567358293784 -89.9252761068975 -85.88802506087663
-91.13270007271892 -90.02988763356487 -85.79544186282467
-91.04271937672229 -90.05429890554703 -85.89036627435065
-90.94161675214329 -89.9053842863684 -85.90473823051948
-90.82328823484384 -89.60834838629697 -85.75041599025974
-90.9022014218463 -89.76623128453117 -85.80373883928571
-90.86042571666411 -89.86073291348112 -85.68069957386363
-90.71971161206369 -89.74156690664329 -85.58106483360389
-90.61686217850581 -89.64720848469419 -85.37289721996753
-90.67664777728874 -89.59865795684696 -85.45115665584416
-90.59414409350123 -89.63204222801595 -85.31823762175324
-90.65998282493877 -89.54729761502158 -85.54652495941558
-90.34930498411666 -89.34848055115934 -85.22222757711039
-90.34158697087416 -89.35153990868001 -85.40381493506493
-90.3251600294703 -89.38635889194354 -85.18196276379871
-90.39089231380129 -89.34397097042098 -85.46152851055194
-90.27430522332364 -89.38849055071286 -85.30155489042208
-90.16881673874771 -89.33169748625403 -85.17801846590909
-90.22797142911818 -89.12859519631947 -85.03982345779221
-90.11659247263472 -89.31349330560707 -85.12145393668831
-90.03708007214483 -89.10839349472106 -85.03766487418831
-89.98235938217621 -89.08576365667558 -84.96909750405844
-89.96752466223974 -89.22666943026888 -85.21733208198052
-89.85388400375076 -89.11534724254089 -84.99005428165584
-89.89845484250613 -89.01121547713818 -84.86457487824676
-89.80504690848898 -88.8937075128815 -84.72954291801948
-89.74688672114208 -88.94143068187432 -84.78528053977273
-89.68982090573331 -88.85762368287558 -84.80316812094156
-89.66982679022504 -88.84354080022077 -84.68647778003246
-89.62129587989897 -88.75304314876809 -84.7788377637987
-89.54289698790569 -88.68614263571654 -84.58690137987013
-89.56884915129363 -88.67931998286265 -84.79865056818181
-89.46559665397275 -88.72202413833558 -84.73819500811689
-89.48269337492346 -88.77945355960831 -84.77992846996753
-89.39925080373546 -88.63515641624362 -84.68059811282467
-89.38695855499847 -88.67440975500915 -84.50982650162338
-89.34397605059706 -88.6790951383717 -84.58620383522727
-89.31915533622933 -88.6547043202916 -84.55583147321428
-89.28812869574786 -88.52359376899928 -84.50861911525973
-89.22851622301745 -88.49138371211545 -84.53735541801949
-89.21569114073026 -88.50398986163306 -84.40100192775974
-89.17460076354868 -88.46748714224374 -84.59593141233766
-89.17407331215554 -88.5430894844263 -84.49381341314935
-89.11345048893907 -88.48014401090748 -84.53961799918831
-89.05342149705297 -88.42274181202691 -84.4323533887987
-89.04030637630129 -88.41125660462139 -84.46207640016233
-89.04564248603032 -88.34986300041703 -84.3941507711039
-89.02237063686466 -88.28324477496314 -84.41452922077922
-88.97620548358083 -88.380998307165 -84.33688869724025
-88.96794088238671 -88.31493125351487 -84.30554484577922
-88.93681048587722 -88.29509467930181 -84.33359882305194
-88.92300166488059 -88.32675182772982 -84.333203125
-88.89619852265768 -88.30815005766279 -84.29967532467532
-88.88623674793325 -88.3083890625475 -84.36845576298701
-88.85628324977036 -88.27570426139387 -84.25191254058441
-88.80467972577311 -88.2725478591622 -84.21237063717533
-88.78627992479332 -88.2493114842515 -84.23939732142857
-88.75619785287815 -88.17127756200412 -84.15468242694806
-88.75431110781537 -88.22327034204386 -84.18008573457791
-88.73214738498929 -88.20823057894577 -84.20989752435065
-88.73301510831293 -88.12983650177833 -84.24894987824675
-88.70326912220607 -88.11791065973067 -84.25588220373376
-88.67050972615584 -88.11655093538158 -84.21258624188312
-88.64846859690753 -88.09611932776781 -84.19919084821429
-88.64130972998316 -88.05813999398673 -84.17644328327923
-88.62546465956062 -88.0808115858976 -84.16560217126623
-88.62065839329455 -88.11401052512083 -84.15430448457792
-88.59993409847672 -88.10005110803745 -84.14378551136363
-88.58227045698102 -88.09440877001573 -84.16103388798702
-88.56456256219381 -88.06645582622127 -84.1112012987013
-88.55738814681568 -88.04547760366002 -84.10851511769481
-88.55707717774035 -88.03694292357923 -84.13920454545455
-87.95658512898041 -88.02010707632577 -84.1204976663961
-87.82390060471525 -88.1432058579263 -84.26033887987013
-87.75637247397428 -88.22163729537786 -84.35015219155844
-87.71267832880434 -88.27100591993518 -84.41012581168832
-87.68029807581904 -88.30580059006984 -84.45237672483766
