-158.7021076748127 -168.14076500896059 -165.06654609188544
-153.357393306279 -163.39455925179212 -160.2171464797136
-150.01635245718873 -160.58981574820788 -157.09102774463008
-147.82130474045664 -158.86146113351253 -155.51240863663483
-145.76358198804851 -157.25506832437276 -153.9007681980907
-144.2533362691759 -156.25963261648747 -152.85655019391407
-143.20505373706743 -155.55026321684588 -152.1443541169451
-142.251981693721 -155.19962477598565 -151.63921725835323
-141.60617530324652 -154.87274585573476 -151.40243697792363
-140.98781160809847 -154.63387656810036 -151.33147188245823
-140.37161077417053 -154.56730230734766 -150.95861612470168
-140.0791897074563 -154.67041890681003 -151.19493026551314
-139.615651757046 -154.4375 -150.99586068019093
-139.16787537905816 -154.21060147849462 -150.80757756563247
-139.02627207456297 -154.49749383960574 -151.06583755966588
-138.62249431412772 -154.33296931003585 -150.9427860232697
-138.3220656439529 -154.3534666218638 -150.91417437350836
-138.09258216642883 -154.2417954749104 -150.9135590692124
-137.80879582144132 -154.35531474014337 -150.96796688544154
-137.5647269666429 -154.31221998207886 -150.86670271479713
-137.26005618979664 -154.24346158154123 -150.89700178997614
-137.0135095210489 -154.20390905017922 -150.85407965393796
-136.93418602836246 -154.28917450716847 -150.88813581443915
-136.7319250579736 -154.34562612007167 -150.81825216288783
-136.48897386728504 -154.30831373207886 -150.89869853818615
-136.31946240635034 -154.27693772401435 -150.99201968973748
-136.2640084284695 -154.4144545250896 -150.96060187947495
-136.04311229040314 -154.19945676523298 -150.85012678997614
-135.90992630663575 -154.33082717293908 -150.97855757756562
-135.81847016589367 -154.27815580197134 -150.78992951968974
-135.54986287013912 -154.32333669354838 -151.04150507159903
-135.41693888244737 -154.2519321236559 -150.91619741945107
-135.27864118801284 -154.2705813172043 -150.88876976431982
-135.05559612468784 -154.37432795698925 -150.82990565334129
-135.06359815376382 -154.40528393817203 -150.89692720763722
-134.8505451748127 -154.28486223118279 -150.7454691229117
-134.7397375579736 -154.24101142473117 -150.89903415871123
-134.571469184802 -154.0851814516129 -150.8313320405728
-134.5265814529076 -154.24663978494624 -150.94895771181385
-134.5177042454513 -154.31461413530465 -151.00750484785203
-134.35475940956118 -154.3151601702509 -150.95909158711217
-134.21184891188014 -154.27062331989248 -150.91650507159903
-134.08428469496968 -154.31370407706092 -150.90961552804296
-133.96068665269354 -154.2961609543011 -150.9484915721957
-133.95082556635748 -154.34324596774192 -150.9746047136038
-133.904268306279 -154.3757140456989 -151.00056869033412
-133.77180420531573 -154.3818604390681 -151.08231093377088
-133.5442494648591 -154.24390961021504 -150.8903732846062
-133.4588192338566 -154.3639392921147 -150.8866441676611
-133.4460455315733 -154.27000728046596 -150.87736798926014
-133.33072545041028 -154.21662186379928 -150.95320890513128
-133.36268897163754 -154.34603214605735 -151.0104881414081
-133.1426568631823 -154.30909778225808 -150.9074992541766
-133.09689674009988 -154.2658490143369 -150.88279385441527
-133.07964959418481 -154.28416218637992 -150.91202080847256
-133.05116448894043 -154.3671875 -150.8276215692124
-132.94216297270782 -154.2660870295699 -150.86312276252983
-132.8325733589012 -154.2858422939068 -150.89369219868735
-132.89198236264716 -154.29042058691758 -150.89227513424822
-132.73434991526935 -154.2686771953405 -150.8763797732697
-132.6237095299679 -154.26850918458783 -150.8982603669451
-132.62454847484838 -154.24466565860214 -150.879959725537
-132.559314239208 -154.31744231630825 -150.86508987171837
-132.43385992686407 -154.37767417114696 -150.9193485232697
-132.35487089725294 -154.30733366935485 -150.90884173627686
-132.3252123840528 -154.30888776881721 -150.9773362917661
-132.25690666250446 -154.3001932123656 -150.93902893794748
-132.30935047270782 -154.34825828853047 -150.90483293556085
-132.28350205137352 -154.29261872759858 -150.88943168257757
-132.19112613717445 -154.31038586469535 -150.91518123508354
-132.14749542900464 -154.2858422939068 -150.96185113365155
-132.07073894042097 -154.29375280017922 -151.0009229564439
-132.03783334819835 -154.36465333781362 -151.02029571897376
-131.99202305565467 -154.3772961469534 -151.00844644988067
-131.98708136371744 -154.39439124103941 -150.98947456742243
-131.00652760435247 -155.4060259856631 -152.00148232398567
-130.76078643417767 -155.89868951612902 -152.48150357995226
-130.61720979753835 -156.1834257392473 -152.74208494928402
-130.51334507670353 -156.3752660170251 -152.91105123806682
-130.42912448715663 -156.50947860663084 -153.03246196300717
