-99.676259765625 -99.84388671875 -99.52529757983768
-97.76878662109375 -98.114765625 -97.72340884538364
-95.8063671875 -96.351689453125 -95.8719360969119
-94.0862939453125 -94.552724609375 -94.17944871153036
-92.89817138671874 -93.44859375 -93.09033120784149
-91.944306640625 -92.49109375 -92.19848097596964
-90.78477783203125 -91.33568359375 -91.13257618175591
-88.98494873046874 -89.546962890625 -89.37567601839166
-86.4644482421875 -87.03900390625 -86.98305178251475
-83.80302734375 -84.40611328125 -84.39747164181071
-81.80697509765625 -82.408359375 -82.46103301538786
-80.49178955078125 -81.16107421875 -81.1911954574199
-79.78870361328126 -80.4739990234375 -80.48304190161257
-79.28429443359374 -80.1684619140625 -80.09880490487984
-78.96613037109375 -79.93240234375 -79.83540640150717
-78.81843017578124 -79.7721484375 -79.7452044688027
-78.65582763671875 -79.7953076171875 -79.66383029879849
-78.57548583984375 -79.6307421875 -79.6067483268339
-78.4133740234375 -79.5686474609375 -79.48310365725126
-78.307763671875 -79.589267578125 -79.46453250158095
-78.2462158203125 -79.4999560546875 -79.3942537613301
-78.1239794921875 -79.44837890625 -79.3357472926328
-78.1087548828125 -79.4919189453125 -79.36838555939082
-78.03857421875 -79.4770556640625 -79.30994084633221
-78.0526953125 -79.4375927734375 -79.31874143655143
-77.93105224609376 -79.370771484375 -79.31068850126475
-77.85346435546874 -79.4277099609375 -79.25622085133853
-78.04952392578124 -79.4497314453125 -79.39193504294899
-77.97013916015625 -79.430625 -79.35535347280776
-77.9408251953125 -79.40287109375 -79.35636132483137
-77.88145263671875 -79.3859130859375 -79.32395855290893
-77.8452197265625 -79.416875 -79.32547033094436
-77.79656005859376 -79.40775390625 -79.32841154616358
-77.73332275390625 -79.358017578125 -79.28134057493676
-77.7377392578125 -79.3644482421875 -79.32143480580734
-77.70875 -79.4062060546875 -79.27568046479765
-77.651904296875 -79.3697802734375 -79.2600842840957
-77.581416015625 -79.3606787109375 -79.24850551354342
-77.5760302734375 -79.3668017578125 -79.24178567664418
-77.54049072265624 -79.3417529296875 -79.25665231740092
-77.5047998046875 -79.3555908203125 -79.24253250816821
-77.48780517578125 -79.354296875 -79.23702390519604
-77.44539306640625 -79.33736328125 -79.23024478288364
-77.42225830078125 -79.2923486328125 -79.19511405854765
-77.38132080078125 -79.3169482421875 -79.18272093697301
-77.36461181640625 -79.3218505859375 -79.1903728723124
-77.3430126953125 -79.308642578125 -79.16433175458474
-77.31781494140625 -79.276689453125 -79.15264511751687
-77.30287841796876 -79.2805810546875 -79.1582442954258
-77.27413330078124 -79.3098046875 -79.15409596332209
-77.26783203125 -79.31228515625 -79.1454106502951
-77.230009765625 -79.2829296875 -79.14276915577571
-77.19517822265625 -79.2847119140625 -79.11858729447724
-77.1808935546875 -79.24552734375 -79.11984793291526
-77.17442626953125 -79.277099609375 -79.11538917580101
-77.1561181640625 -79.2960888671875 -79.12441208631957
-77.12583984375 -79.2962109375 -79.12407695905354
-77.1022216796875 -79.296943359375 -79.12916480027403
-76.8777490234375 -79.1838916015625 -78.99404510961214
-76.80724609375 -79.1641455078125 -78.97410956603078
-76.76177001953126 -79.1587890625 -78.96724727945826
-76.7250390625 -79.15783203125 -78.96393306018128
-76.6920703125 -79.15884765625 -78.96171479763912
-76.66097412109374 -79.160615234375 -78.95958875685076
-76.6309912109375 -79.1623681640625 -78.9573910795215
-76.60210205078126 -79.1634423828125 -78.95581013517074
