-54.927871527777775 -55.10923828125 -54.73535859132995
-53.74546961805556 -53.91674609375 -53.5732821065089
-53.268660590277776 -53.42273046875 -53.126580463554006
-53.1116015625 -53.283765625 -52.980623324943814
-53.00263411458333 -53.16301953125 -52.88911915474198
-52.90470920138889 -53.12564453125 -52.80971136361911
-52.83526692708333 -53.0284609375 -52.75763861801696
-52.78621440972222 -52.9930703125 -52.712632100482494
-52.72507638888889 -52.9861015625 -52.67830649803169
-52.69169921875 -52.9136484375 -52.677565653423756
-52.63763194444444 -52.8849296875 -52.62946953509361
-52.62416883680555 -52.8791328125 -52.62906975185442
-52.57696310763889 -52.80751171875 -52.58973673087399
-52.5437265625 -52.845890625 -52.584986176041284
-52.52841015625 -52.8066484375 -52.57225435514608
-52.48805034722222 -52.81190234375 -52.54978689299381
-52.44889930555556 -52.795 -52.52960641043527
-52.42708637152778 -52.7703671875 -52.526178580563084
-52.39511328125 -52.73983203125 -52.51502286356786
-52.36825564236111 -52.73027734375 -52.49800673355978
-52.35298828125 -52.74048046875 -52.51201986270234
-52.32028949652778 -52.69882421875 -52.49859328497024
-52.31220486111111 -52.7417421875 -52.50565340359079
-52.27326388888889 -52.67701953125 -52.47250799210588
-52.250057291666664 -52.679890625 -52.45926523162278
-52.23430295138889 -52.65761328125 -52.449107801253874
-52.210784288194446 -52.67163671875 -52.448493001064826
-52.18739019097222 -52.659984375 -52.43766133685617
-52.17873263888889 -52.650296875 -52.43664532986744
-52.17349869791666 -52.679890625 -52.45210691698554
-52.15093142361111 -52.659109375 -52.449538072413674
-52.126916666666666 -52.6454921875 -52.42642793201265
-52.132055989583336 -52.65910546875 -52.4547394955471
-52.107234375 -52.6477421875 -52.437227432651355
-52.08762760416667 -52.64122265625 -52.425090556242026
-52.07635199652778 -52.6196875 -52.434176549735405
-52.07792751736111 -52.6656328125 -52.43462242074564
-52.04972048611111 -52.62437890625 -52.41321033592706
-52.04040451388889 -52.61215625 -52.41790035978119
-52.030121961805555 -52.63248046875 -52.422216061368744
-52.015854166666664 -52.65052734375 -52.42174818448585
-52.01128732638889 -52.64679296875 -52.42769668030438
-52.00136241319444 -52.62110546875 -52.42073742687644
-51.98081467013889 -52.6219609375 -52.39919412240342
-51.972032552083334 -52.5885390625 -52.39507602880717
-51.96845746527778 -52.59498046875 -52.408268193577655
-51.95266362847222 -52.6298515625 -52.4242739070377
-51.94175 -52.63225 -52.40234466938282
-51.92932421875 -52.62859375 -52.4244824289928
-51.92033420138889 -52.6111640625 -52.40070632919742
-51.91603472222222 -52.6147578125 -52.40793057248011
-51.90774131944445 -52.6074765625 -52.408554329237276
-51.895740885416664 -52.61693359375 -52.405466181659605
-51.88498394097222 -52.62152734375 -52.393978641610104
-51.879952690972225 -52.64067578125 -52.39347358903802
-51.873048177083334 -52.61657421875 -52.397699265252974
-51.86477560763889 -52.61433984375 -52.39998585929908
-51.8554765625 -52.64224609375 -52.395104930050984
-51.85057335069445 -52.636296875 -52.393966689633444
-51.83687239583333 -52.6223671875 -52.39872517785016
-51.83269791666667 -52.61005859375 -52.39654161399493
-51.82565668402778 -52.61848046875 -52.392401573841035
-51.81981684027778 -52.62396484375 -52.397845536093904
-51.808562934027776 -52.62250390625 -52.38967533686186
-51.802819444444445 -52.61583984375 -52.382648790543
-51.794624131944445 -52.62172265625 -52.384871828544476
-51.79116579861111 -52.6086640625 -52.38715038540528
-51.78295963541667 -52.5975703125 -52.38107821776869
-51.776520833333336 -52.5949140625 -52.379770202933294
-51.77436067708334 -52.61493359375 -52.38106791178385
-51.76490234375 -52.61715625 -52.383252884370826
-51.761199652777776 -52.61041796875 -52.385385733883396
-51.75636588541666 -52.6188046875 -52.389491489955354
-51.75245920138889 -52.6193671875 -52.38337852841332
-51.746017361111114 -52.60680859375 -52.3806341855241
-51.74061631944444 -52.60021484375 -52.37558033816205
-51.73527734375 -52.60678125 -52.379373385445135
-51.73030121527778 -52.6089609375 -52.376147122841886
-51.72616753472222 -52.60709375 -52.37451879206621
-51.72298828125 -52.60729296875 -52.38166226311953
-51.71907986111111 -52.6119375 -52.387185885445135
-51.714732204861114 -52.60529296875 -52.37823364732333
-51.70928732638889 -52.605515625 -52.38047805356099
-51.70605685763889 -52.61021875 -52.37911400085983
-51.703759982638886 -52.60931640625 -52.3821294875372
-51.70018315972222 -52.60790234375 -52.38142271940863
-51.69526953125 -52.6093203125 -52.38229694866926
-51.69252126736111 -52.61185546875 -52.38283017587615
-51.68930121527778 -52.6074921875 -52.38324552930826
-51.68719878472222 -52.613890625 -52.38395775441873
-51.68472873263889 -52.6163359375 -52.38423889278786
-51.68151388888889 -52.60446875 -52.38037319943324
-51.679270833333334 -52.60515234375 -52.38194341631742
-51.677120225694445 -52.608625 -52.383417038690474
-51.67461458333333 -52.61016015625 -52.38379185030597
-51.672700086805555 -52.60895703125 -52.38451003657602
-51.67121875 -52.6129375 -52.38734788959529
-51.66915885416667 -52.61489453125 -52.38810222837042
-51.66750217013889 -52.614859375 -52.38887585935602
-51.66575911458333 -52.61503515625 -52.389144719515876
-51.64284548611111 -52.637765625 -52.41441687759088
-51.62784201388889 -52.655703125 -52.43445199386256
-51.61613802083333 -52.66980859375 -52.45013145988027
-51.606410590277775 -52.68126953125 -52.462829678816284
-51.598002604166666 -52.690859375 -52.473446415047604
