-2.3536141098195644 -2.4552669117941397 -2.15557976658466
-2.3443927839876633 -2.448563787922433 -2.1616258684785015
-2.346639201872125 -2.4526117613896807 -2.1503133335912916
-2.3736875306267073 -2.4727167608677223 -2.1629137740082673
-2.332568760781165 -2.437579422046893 -2.156917862202575
-2.3342996550732145 -2.4476229138344867 -2.1931872796064247
-2.348990815013559 -2.458766454933409 -2.1588344878997607
-2.353506971924853 -2.4632125504199998 -2.1705499818474756
-2.3536581221551 -2.460436059414559 -2.18331031673815
-2.32740238010837 -2.4392430907234264 -2.1559840199466835
-2.3367836671781816 -2.4394578006725416 -2.1607313668773913
-2.343477840926443 -2.4454396537650074 -2.161493025997851
-2.3280621916615014 -2.4359866825563086 -2.1459539776587757
-2.3413329661942317 -2.4524520404156673 -2.1898248353002407
-2.3328582937872118 -2.440493570983982 -2.169065902114102
-2.326132498288852 -2.432897819832926 -2.158428420769505
-2.3378276146705574 -2.4406209393700236 -2.1617106196911373
-2.3331542938925836 -2.432723657929293 -2.155276340402225
-2.3287009534536516 -2.4313827976850164 -2.154089164270077
-2.332497924997189 -2.4451954211595637 -2.167326370477165
-2.33774731174726 -2.4381700468702907 -2.1525046956298723
-2.326443638903354 -2.4249314733432334 -2.1534147969473585
-2.3272123249310597 -2.427263695740859 -2.169965332101094
-2.325229185296829 -2.4283795442263556 -2.1541640748624347
-2.3304269308251997 -2.437187861299182 -2.1598581380930058
-2.3261764869006187 -2.4290319553796245 -2.1424516021156665
-2.3394964767302526 -2.4430476164850146 -2.170826940546048
-2.3365727283062703 -2.436409173261133 -2.1479277241777375
-2.328622378976353 -2.4287242715982837 -2.1434364917980484
-2.324192383403561 -2.426283083035333 -2.161049581709687
-2.324876601292022 -2.4336679107655286 -2.162503370858794
-2.3205935629428294 -2.426500199806051 -2.1473209455858706
-2.326602152313557 -2.4323435702088934 -2.1621167540464974
-2.324552418705179 -2.430329290478067 -2.166290091131399
-2.3387121885966615 -2.441740267782297 -2.1458364053168806
-2.3242510007688777 -2.425670726299166 -2.153613865322658
-2.328203528385405 -2.4331442844971303 -2.1490524665222472
-2.3264571838195893 -2.427677990988173 -2.162390354982075
-2.3246418613797912 -2.4299101907855905 -2.1498859984461047
-2.3223132514822287 -2.4297048720397503 -2.1566686517570584
-2.3309559627314616 -2.430987594511745 -2.1591974358005492
-2.3183734296383496 -2.424955553823325 -2.1550553208477865
-2.3267726509716646 -2.4296017680946873 -2.142709338799718
-2.329037448676406 -2.430029581401172 -2.165148342581645
-2.324307129849778 -2.4269289267849405 -2.1432166578499925
-2.3359395490557864 -2.4346260342526342 -2.164738626961646
-2.3275789317165843 -2.432001850597466 -2.159612450417557
-2.3229840796756833 -2.42771910011436 -2.1500591903946256
-2.323331064871097 -2.4279301829679887 -2.144873798573892
-2.3177659635639354 -2.41947732125281 -2.163151626903396
-2.316088238304285 -2.414491594900663 -2.1480303437357517
-2.3236409284690254 -2.4245179783257775 -2.1440323838517825
-2.327137963117245 -2.424347409791468 -2.1553751892430335
-2.3180311153140654 -2.4163736558100637 -2.1379627876570937
-2.3205119308106674 -2.4202830454091995 -2.1426902529815117
-2.3240570921737222 -2.4265801246793686 -2.152626758957946
-2.317731993838566 -2.416334398556805 -2.1423995559162003
-2.3209251927595513 -2.4220170055406074 -2.13870066131343
-2.328723755384401 -2.4227548419977114 -2.136576548824493
-2.3158757201072055 -2.416927322891288 -2.146902440501767
-2.3162475562891554 -2.422409473828694 -2.1542898835891684
-2.320934018001476 -2.420593215728528 -2.150159980032922
-2.326817531597132 -2.421831119196451 -2.146421765728649
-2.3221741949514 -2.4209451298391036 -2.139284346335914
-2.322573475466706 -2.4221894872681404 -2.138978287897777
-2.3259514411980664 -2.421159704883568 -2.1489407139536545
-2.318561106338401 -2.4212925614360685 -2.155555747142252
-2.319818756182821 -2.4197002450555236 -2.1411960074155054
-2.3267560856807736 -2.424073902876893 -2.1447598319421286
-2.3154424610548445 -2.4130639664380777 -2.147553128436338
-2.3216027788379514 -2.419214048695575 -2.1300798143581368
-2.3169332457290928 -2.4143892635913247 -2.1399214508707067
-2.315018086214919 -2.412289209030978 -2.1444200849962787
-2.315374003748128 -2.4152835771788035 -2.1486007120762407
-2.3147951010911263 -2.415477772423017 -2.149057800004861
-2.3160830265312313 -2.4132547430758104 -2.14278021675888
-2.3168609763516703 -2.4140416541655023 -2.1389615121786045
-2.3163396370468377 -2.417901450975552 -2.138725005531666
-2.3201353498749944 -2.419785633567181 -2.132784441813023
-2.3138681280457525 -2.4108507698002746 -2.1462815935290127
-2.3187728538519115 -2.4181624516158338 -2.1335503164713447
-2.3164984283640444 -2.416579385401884 -2.132906172507789
-2.315026533910012 -2.4115965196415283 -2.1424066730467075
-2.3166594490376795 -2.4138625161198792 -2.1396061293370496
-2.3108785685319866 -2.4123390992234985 -2.1422082289045177
-2.313774743158618 -2.4138703896458376 -2.140909718396309
-2.3116510551074243 -2.409196139735316 -2.1399664829599554
-2.3123403241251346 -2.4088557507743036 -2.13671999846622
-2.3142966565786516 -2.412129107871132 -2.1281931226029447
-2.3128814178731827 -2.4115574218210383 -2.13580821128281
-2.3110097779179792 -2.4116231173197558 -2.1405424056655433
-2.312807646442296 -2.408639700976729 -2.138046485094396
-2.312039515550776 -2.4119133094867697 -2.1374377753086278
-2.311724769601266 -2.4087662538028396 -2.1393025678313524
-2.310658443816867 -2.408215741650825 -2.138954904038172
-2.3109878876577667 -2.4086664672857694 -2.140290566456538
-2.3119294291305366 -2.4099579033717724 -2.1320779112067076
-2.3116839864095504 -2.40902846551896 -2.130591575940132
-2.309096420732398 -2.4074206320376077 -2.139600428298996
-2.3105821237754087 -2.408913655529462 -2.1373954248025924
-2.2906124395523797 -2.412807445245391 -2.152187503142992
-2.285105155780622 -2.420684441932329 -2.166447650187518
-2.282112558268829 -2.4256101725072368 -2.1752940478438796
-2.2801960790352984 -2.4286681420656837 -2.1806692091492073
-2.2788314648185892 -2.4307182512452434 -2.1841742771886956
