-10.961627940660112 -11.240406864466292 -11.070389308286517
-10.786245245201311 -11.125914347787921 -10.905506788389513
-10.74316088775749 -11.045074613764045 -10.85252179892322
-10.747824394311797 -11.06258942679073 -10.863645174976591
-10.73238816713483 -11.057257614992977 -10.854546245903558
-10.699832557935393 -11.032695970856741 -10.845496839887641
-10.671852615870787 -11.000991101211376 -10.807238778675094
-10.686348914442885 -11.015727703651685 -10.801348753511236
-10.720937807233145 -11.066455187851124 -10.84267270891854
-10.755847202715357 -11.073616573033707 -10.886205158590824
-10.64288136411517 -10.964385753160112 -10.763926878511237
-10.68613601650281 -11.016886850421349 -10.79945385650749
-10.654271901334269 -10.97953218267205 -10.79359214068352
-10.677048440426029 -11.023634787570225 -10.817664589185393
-10.651411458333333 -10.976535617099719 -10.793707206811797
-10.637172006671348 -10.966105106653792 -10.767836347144195
-10.625983306999064 -10.941414973226825 -10.759233745903558
-10.622222056413857 -10.961198264132724 -10.764722100304308
-10.6457578710206 -10.98907808110955 -10.78066011235955
-10.646836976240637 -10.98159146769663 -10.782644911633895
-10.629641049274344 -10.96998622937149 -10.753737418071161
-10.626870084269664 -10.9630536231566 -10.760139498478464
-10.600386601708802 -10.945139352176966 -10.739650412570224
-10.615089638927902 -10.94269437982795 -10.746658473782771
-10.624838717228464 -10.971774820049157 -10.773634860720973
-10.588441625702247 -10.898035079441714 -10.723376711727528
-10.586356800093633 -10.91170256539677 -10.7275116309691
-10.578788974719101 -10.920687379301263 -10.71692188963015
-10.59284831460674 -10.931485197945927 -10.733853947214419
-10.595746722846442 -10.957906096383427 -10.76014381437266
-10.40749760065543 -10.810656546260534 -10.615877077481274
-10.375993196980337 -10.81525813070576 -10.625815411399813
-10.361891239466292 -10.826196782830056 -10.641135080173221
-10.354169929190075 -10.835943370347612 -10.652073019077715
-10.348887742860487 -10.843059658093399 -10.658765507958801
