-6.174400496096405 -6.19229469233517 -6.190419119875247
-6.143605735405203 -6.160335733553986 -6.167094427802926
-6.123821192628436 -6.145705649183894 -6.143373453992534
-6.121729792283548 -6.138452228261045 -6.139899110609929
-6.114855337976721 -6.131175011122499 -6.131410073116902
-6.119072901926236 -6.133035855076848 -6.136003302529391
-6.132177206079379 -6.148320530223431 -6.150285283966575
-6.113391795691028 -6.128768551243145 -6.130240913351176
-6.137612220750175 -6.156355241372319 -6.159840939229705
-6.107148018584367 -6.122474609324717 -6.124833172318824
-6.115943316045374 -6.132410390466108 -6.13382045530121
-6.118834014088277 -6.135849666445692 -6.136791307093667
-6.135051964746163 -6.151469009659077 -6.153449772188492
-6.102980616739816 -6.119853468107992 -6.124353489310693
-6.103680388872775 -6.120438844957586 -6.1210333444177465
-6.108737251482499 -6.123271499711177 -6.125281253016927
-6.114362646162236 -6.136052305112891 -6.134506739144427
-6.112686526903602 -6.129434996130255 -6.129889441358984
-6.10063926736741 -6.116154583334674 -6.118999843455011
-6.097573556315562 -6.116670029731065 -6.117278552532073
-6.0896909088140845 -6.106500007341252 -6.106545566659337
-6.094586435103523 -6.1150274120337 -6.116991181857676
-6.098297788099983 -6.115591657642625 -6.120218908221059
-6.105863884787521 -6.1225603284978956 -6.124642510914572
-6.094100370449203 -6.113148918905112 -6.1163359053194455
-6.101226138938316 -6.117854083164116 -6.121837078904037
-6.09939950151956 -6.117106155408472 -6.117466389757466
-6.103397975308375 -6.118026351172508 -6.120759809705655
-6.094809640003274 -6.109820277101086 -6.115003529804556
-6.104169965720855 -6.118858539907448 -6.121839810899018
-6.09295251412802 -6.110373586255889 -6.112942365297563
-6.093136794099169 -6.112876915463372 -6.114113444164056
-6.0902006470454815 -6.108399631710507 -6.109913219771733
-6.098959177511298 -6.112670681594013 -6.114876894294924
-6.093818543507478 -6.110447878720104 -6.1114043359274435
-6.09660095687075 -6.114891586301747 -6.11381418176918
-6.089235569779431 -6.107397274263541 -6.107926405753883
-6.086777150633815 -6.1007115810160455 -6.102707834423002
-6.0851451495905255 -6.098852647798509 -6.102224866316614
-6.08520356882866 -6.102745459787639 -6.103983860446344
-6.082931926152693 -6.1016846363083435 -6.10232763458176
-6.0859084286562775 -6.102858658373131 -6.103685905386488
-6.088160349077902 -6.107204993801168 -6.109531301958187
-6.081525513373281 -6.100113847230356 -6.102467402104072
-6.0886103347616265 -6.103325343268897 -6.107362927599116
-6.0832314774795355 -6.098510927604394 -6.102073056227473
-6.075237840129861 -6.091385060934402 -6.096323153774779
-6.082291716334053 -6.098503297227782 -6.101551521737965
-6.082399639821722 -6.100395379214884 -6.101234333768665
-6.084287766191268 -6.1003815892261795 -6.100960690111989
-6.078100572193769 -6.096459248810918 -6.097108619092187
-6.082784232999769 -6.099996915165699 -6.103912283853943
-6.076649483069439 -6.096228451917012 -6.098048207476079
-6.0770951344496265 -6.0951055923445026 -6.096126952957393
-6.076733276252377 -6.0935019059096875 -6.0945901806401785
-6.07466627941078 -6.091964391307636 -6.093699709503454
-6.073448835393758 -6.090627617206607 -6.092522311851026
-6.07316418176877 -6.090787364860625 -6.091030709634858
-6.073156942844957 -6.09098523925643 -6.092588365790998
-6.073894367773345 -6.0920773761923 -6.091501341862074
-6.076525242253041 -6.092644638754087 -6.096903183126126
-6.047198521567387 -6.064669038259789 -6.068389871103471
-6.042283088656479 -6.05999175567348 -6.063786509844568
-6.039778224917597 -6.0577442640686545 -6.061581186510448
-6.038189858544959 -6.056371085403097 -6.060261624554836
-6.037081120737861 -6.055401147628755 -6.059351970790783
-6.036233140062056 -6.0546878896897445 -6.058689445247468
-6.035558462809115 -6.0541301808120185 -6.0581675671634985
-6.035002257357576 -6.053671981096175 -6.0577351996267055
-6.03452365957188 -6.053289117207412 -6.057371123584056
-6.034132743439427 -6.052966692940974 -6.057067193332726
-6.0337923732307726 -6.05268367762129 -6.056802097635802
-6.033498436720965 -6.052451020273119 -6.056587351097893
-6.0332522554870875 -6.052248306182099 -6.056399656338496
-6.03302654822261 -6.052062839004937 -6.056226627196323
-6.032824238822552 -6.051893273683482 -6.056065020474878
-6.032633365212533 -6.051742275192763 -6.055919814103664
-6.032458837424344 -6.051602678269734 -6.055782820478096
-6.032315217108851 -6.051476469075026 -6.055655229608256
-6.03216881703991 -6.051356708617061 -6.05553047967798
-6.032036920797599 -6.051248060602136 -6.055418124289346
-6.031917367934408 -6.051154874470625 -6.055315230318909
-6.031805702632103 -6.051069595269739 -6.055221655300674
-6.031703803759309 -6.050977854761475 -6.055116724904531
-6.031601672751542 -6.050886315383402 -6.055014987422767
-6.031495970887747 -6.050808679129766 -6.054925124900777
-6.031407140292093 -6.050741149668216 -6.054844815980863
-6.031331411494876 -6.05067417331469 -6.054764926078585
-6.031253627004198 -6.05060717181989 -6.054685798788402
-6.031179195481125 -6.050542294762731 -6.054607291644319
-6.031106003407962 -6.050487876475491 -6.0545425785607785
-6.031042253445775 -6.050432653667488 -6.054477010681262
-6.030981548893304 -6.050384696687627 -6.054418976738822
-6.030915971182466 -6.050326733480775 -6.0543506265822105
-6.030857013927535 -6.050277670284864 -6.0542927770075305
-6.030790188386464 -6.0502331576595205 -6.054239444442954
-6.030742690386479 -6.050188657604813 -6.054186304626491
-6.030690923449482 -6.050158475505561 -6.054149690865549
-6.030654604801622 -6.0501200596391245 -6.054104713512615
-6.030610061703856 -6.050079733035875 -6.05405796790526
-6.030566991029004 -6.050044233557204 -6.054017406998198
-6.030527643732076 -6.050003617829306 -6.053971708934931
-6.030478919690699 -6.0499646362842086 -6.053926982992577
-6.030439249751299 -6.04993268172515 -6.053889698803419
-6.030397583618738 -6.049902311066344 -6.053855414780529
-6.030356030620551 -6.049873599731612 -6.053821910130439
-6.030319258597166 -6.049845843765286 -6.05379014859371
-6.030285234482 -6.049818955172908 -6.05375919157084
-6.030253252651776 -6.04978883592684 -6.0537266003791945
-6.030219488326651 -6.049759030946696 -6.05369249234371
-6.030182536964335 -6.049722840082994 -6.053652635386274
-6.03014958134047 -6.049693223662404 -6.05362045483191
-6.030110432657219 -6.049666322499388 -6.053591316345576
-6.030081308517455 -6.049630797879444 -6.053553856169012
-6.030039884576256 -6.049598730184654 -6.053519513483653
-6.029999428562472 -6.0495594469442695 -6.053478525178602
-6.029951992576883 -6.049526285604067 -6.053446487090234
-6.029890905881641 -6.049464865472061 -6.053388369344267
-6.029811265149212 -6.049393627672618 -6.0533257764899595
-6.029715436145042 -6.049286475563487 -6.053236274323136
-6.029585254517008 -6.049136884984103 -6.053115823513795
-6.029415817775608 -6.048954887302732 -6.052979969616193
-6.0292453209232315 -6.048754662197822 -6.052836321990582
-6.029095642471567 -6.048568830472189 -6.052710449093045
-6.028978275196859 -6.048426933122602 -6.052619153530743
-6.028888989549615 -6.048320447257228 -6.052556133278448
-6.0288250057763895 -6.048228769602148 -6.052498023912833
-6.028778588000159 -6.048169737891158 -6.052465558426478
-6.028736047799812 -6.048112642058253 -6.052430545312903
-6.028707005787224 -6.048071234380229 -6.0524073568769845
-6.028675223408709 -6.0480280793836725 -6.052381050949863
-6.028639973252151 -6.0479930073066575 -6.052359220131082
-6.028608941750662 -6.047962385235113 -6.05234176385641
-6.0285823635533085 -6.047931323191277 -6.052323167853771
-6.028563271499325 -6.047901505640495 -6.052303348319639
-6.028540334552722 -6.047866735258766 -6.052279581639385
-6.028515490244391 -6.047844522943323 -6.052265971946602
-6.0284915342503975 -6.047815962456234 -6.0522454736039
-6.028469896254003 -6.047793850705887 -6.052231143200785
-6.028447948185623 -6.047771952656366 -6.052216167510513
-6.028422868390191 -6.047747540479462 -6.052198577150198
-6.028402077644546 -6.04772683664045 -6.052184959077062
-6.02838314230262 -6.047697283073044 -6.0521625919157085
-6.028368164987688 -6.047677434037342 -6.052148931940809
-6.0283496059223065 -6.047657647854826 -6.052135095978503
-6.0283187369991005 -6.04764100433154 -6.052123673557775
-6.028300178771752 -6.0476127329691 -6.052102362320862
-6.028285886967317 -6.047594467833651 -6.05208872748702
-6.02826663233505 -6.047574279390752 -6.052073936164507
-6.028247457315859 -6.047553990382759 -6.052059421393633
-6.028227262411247 -6.047536793751448 -6.052047152557281
-6.028205523850965 -6.047515096832119 -6.052030199103772
-6.02819050714851 -6.047481671508541 -6.052001136040612
-6.0281653536062265 -6.04745630396323 -6.051981911511521
-6.028153204650621 -6.047431502096581 -6.0519614131688195
-6.028127791318296 -6.047414959138391 -6.0519491275717625
-6.028111312249314 -6.047391012075052 -6.051929484025036
-6.02808141041549 -6.047368095803941 -6.051912371344826
-6.028056735389703 -6.047341584330671 -6.05188981143536
-6.028042197203745 -6.047313954070714 -6.051865307284069
-6.028009850829429 -6.047280541317773 -6.051839462276345
