-10.295546104125624 -10.438478279697057 -10.5848275390625
-10.101159897257439 -10.233446183044247 -10.3954794921875
-10.02225395573987 -10.15266859888666 -10.311405078125
-9.960053614909905 -10.081536622586965 -10.2447525390625
-9.921997547133461 -10.057037670823776 -10.21932265625
-9.88096067664991 -10.017941200186353 -10.1733482421875
-9.852472606096727 -9.973094396562022 -10.14166875
-9.853833909211431 -9.971228549968941 -10.1457546875
-9.819182625048827 -9.94458287790281 -10.1217904296875
-9.827318401368414 -9.960329126947153 -10.1290365234375
-9.805562114032089 -9.945813100272362 -10.1170958984375
-9.807748159852544 -9.939941480910742 -10.1232033203125
-9.801137298431609 -9.941237740706232 -10.1215001953125
-9.788351530922014 -9.929115449397935 -10.1068482421875
-9.786380825740464 -9.932354456350344 -10.11996484375
-9.784998824449747 -9.922032048869935 -10.1113818359375
-9.790814663622797 -9.923681453973145 -10.110354296875
-9.78470928217664 -9.944584595099867 -10.1156416015625
-9.777302071701666 -9.911113027403479 -10.0972689453125
-9.760899944751792 -9.903083077993598 -10.0750279296875
-9.73778550546538 -9.884488782970184 -10.060663671875
-9.752087845579931 -9.89923278621942 -10.07859453125
-9.734615068988612 -9.885346186926606 -10.0544380859375
-9.730807301175444 -9.890149709719037 -10.0492693359375
-9.728397141210387 -9.879542546170203 -10.0508341796875
-9.724396472367404 -9.869628234303326 -10.0410970703125
-9.7240619181955 -9.879860526268635 -10.0548533203125
-9.715516075848731 -9.860035448920106 -10.0332400390625
-9.711819726582402 -9.875536997383888 -10.032751171875
-9.701763414938988 -9.85355974949828 -10.0239818359375
-9.707119532364517 -9.864692636659022 -10.0268970703125
-9.707181693232863 -9.861371502890863 -10.039214453125
-9.690680304597542 -9.840331359303326 -10.0192171875
-9.692030528880855 -9.838051854871464 -10.0078900390625
-9.686507084614144 -9.839326127078555 -10.0154517578125
-9.688759039530332 -9.844300996272937 -10.021421484375
-9.680259535888514 -9.839388020833333 -10.00328671875
-9.681391301538458 -9.823176336725917 -10.012618359375
-9.682089085480282 -9.83947197683725 -10.001915625
-9.658833772550397 -9.819560218367737 -9.9934603515625
-9.67542146992608 -9.830610232105313 -10.002364453125
-9.675918076884702 -9.82243936054568 -10.0032490234375
-9.668451690855228 -9.818909288692183 -9.9928501953125
-9.663526719089662 -9.826856028705562 -9.98932734375
-9.662928578290055 -9.827882763223911 -9.9895142578125
-9.658269382382349 -9.82787525981938 -9.990602734375
-9.657886748072416 -9.81444842137328 -9.9874271484375
-9.65533601299527 -9.818486186269592 -9.9809056640625
-9.651802064802274 -9.82387318275755 -9.9824060546875
-9.65019196894849 -9.814802686592126 -9.981469140625
-9.643038775511828 -9.802631417837347 -9.9750080078125
-9.65199798431609 -9.809239864057721 -9.9786453125
-9.647709481462925 -9.817961470577695 -9.978267578125
-9.641566932859362 -9.812562565701453 -9.9711654296875
-9.637832504256394 -9.8056842582306 -9.961901953125
-9.637123409292101 -9.805919850200688 -9.9658294921875
-9.628670841418005 -9.800171421062691 -9.9547330078125
-9.631838392091387 -9.78826575789612 -9.95969140625
-9.623981692861358 -9.784343903801128 -9.9586673828125
-9.627548512676837 -9.797815800004779 -9.9542736328125
-9.626855803768555 -9.795998669545584 -9.958269921875
-9.62149587177533 -9.799706881928516 -9.9585697265625
-9.624665843869943 -9.791650241303516 -9.9557376953125
-9.62411830414006 -9.799615198537843 -9.9641330078125
-9.613613930058209 -9.780266307399177 -9.948053515625
-9.618422723359854 -9.777306270307722 -9.9449025390625
-9.613086259250492 -9.78087583769352 -9.94431328125
-9.61025870265425 -9.781205278215788 -9.9411888671875
-9.611131923539876 -9.779057027367642 -9.94730859375
-9.61098300613409 -9.776471675207855 -9.9395509765625
-9.607123774827198 -9.777486613329033 -9.941916015625
-9.605917575351976 -9.776216186150133 -9.9434216796875
-9.607086806690711 -9.773368737456995 -9.9400005859375
-9.60254425362908 -9.768063867784786 -9.9306552734375
-9.599082218329668 -9.767669509747707 -9.9343044921875
-9.60146633972394 -9.771499979094992 -9.930626953125
-9.600111687225086 -9.771120403884748 -9.9366625
-9.602208306310715 -9.77208957497133 -9.9436890625
-9.593681885089033 -9.762272023425554 -9.9252513671875
-9.597152246097068 -9.765842486740253 -9.9310892578125
-9.59284553282943 -9.762130802632836 -9.92667421875
-9.59076763829566 -9.76215812846426 -9.926919140625
-9.587531292723158 -9.755399166188838 -9.918144921875
-9.591470497271025 -9.755032805929854 -9.92444765625
-9.58828717418948 -9.756759335579128 -9.920516796875
-9.586667525331382 -9.75684295560971 -9.920106640625
-9.58284176270974 -9.75651108861334 -9.9148134765625
-9.580176391580832 -9.755654505925076 -9.9186802734375
-9.579771301076729 -9.755465091623662 -9.9172052734375
-9.579070631331518 -9.749491336367546 -9.914353515625
-9.579934863105448 -9.7483769128082 -9.911977734375
-9.577671083029406 -9.747410093534977 -9.9145994140625
-9.57710024126643 -9.750985708440846 -9.910815234375
-9.575736284539417 -9.750725067791953 -9.90836875
-9.575286928464982 -9.74685622282349 -9.908211328125
-9.57425238453602 -9.746877949099293 -9.9088056640625
-9.572322097186959 -9.745929048404053 -9.90897578125
-9.571024182236295 -9.742221060003345 -9.905596875
-9.571040452196767 -9.742052252066609 -9.904144140625
-9.56885765705139 -9.741764696220375 -9.9029625
-9.400289356520243 -9.655174922651472 -9.8263546875
-9.38069133500051 -9.680001448418388 -9.8534560546875
-9.372757714183663 -9.697811768324732 -9.8718361328125
-9.368124059294436 -9.709023683880448 -9.883384375
-9.364959709540903 -9.71623299974914 -9.89093671875
