-6.0961328945792905 -6.06732024934262 -6.100355150673092
-6.0643219490162075 -6.040872247560631 -6.07480693953883
-6.046113442994484 -6.01558617745277 -6.059855721642267
-6.046034743439451 -6.011905024656279 -6.049086864268677
-6.041049271473874 -6.014075182409379 -6.061919524731536
-6.033886857560565 -5.996177563691615 -6.04140752502366
-6.034717397381574 -6.00492876571917 -6.0432161347680395
-6.0308118716106085 -6.00184766462571 -6.046911722944753
-6.028253230785721 -5.996498387336289 -6.0411031414168725
-6.029407983804307 -5.998128311800968 -6.048926279188234
-6.024356094001066 -5.998198430075046 -6.041924701780265
-6.025813544579677 -5.99509497489098 -6.040062393924067
-6.024177601720382 -5.992685911331566 -6.0375744379937135
-6.0231521235843735 -5.996655262118973 -6.04244176536909
-6.018493972965978 -5.996400340597111 -6.037885894586777
-6.020353461187118 -5.994372513319642 -6.038264950067357
-6.019751415626352 -5.996467459461564 -6.0430873121113065
-6.018587126925484 -5.99315947849661 -6.038782994443613
-6.010955925593675 -5.991636117962592 -6.035571198528276
-6.013664270595142 -5.991840502261894 -6.029504745351369
-6.00921759485469 -5.9841587595437815 -6.0333674257559
-6.015383982612709 -5.9938954940038975 -6.0355376820039695
-6.014449817687411 -5.9877712371783725 -6.035477080657544
-6.0053300842809465 -5.985413870990525 -6.027612561201136
-6.010513421653869 -5.990319433729573 -6.032598375242632
-6.005387207846008 -5.977140537168231 -6.01969532442034
-6.008227905703449 -5.98014288961086 -6.03150709833586
-6.0062527822465395 -5.979575888006345 -6.017136167094793
-6.000939113823698 -5.977450777990264 -6.01792124971029
-5.999541019849669 -5.972133815095112 -6.017191845642769
-5.996754065821797 -5.9677199574604485 -6.010657443693748
-5.992441070690548 -5.9678483095553725 -6.016912509838052
-5.9950221022630705 -5.96740875456363 -6.009286849843557
-5.991820074470057 -5.974033743018732 -6.011595849790443
-5.9899677380106295 -5.964435320957203 -6.008666011400069
-5.992636733234581 -5.96908197239366 -6.013635057748764
-5.991837576671713 -5.958023375474473 -6.006344091464916
-5.989945558496462 -5.960545680895414 -6.005184781860804
-5.993053587396097 -5.9606496698612075 -6.0128022371912175
-5.988332066737223 -5.9617781552883775 -6.01304266214076
-5.985824997054802 -5.95803206244386 -6.008038005663821
-5.98625751266918 -5.962339469333131 -6.010363188603311
-5.984248622033558 -5.95789827745603 -6.009416691010314
-5.989114354798838 -5.960481136995828 -6.0066489088815285
-5.9879692279911625 -5.965949343706537 -6.009698271309342
-5.984286734586475 -5.956768914843026 -6.005299043596454
-5.984434054842485 -5.956585781077958 -6.0059590569532695
-5.985029371108476 -5.958258093425838 -6.002515191642846
-5.98289434391609 -5.954482289448236 -6.006014905252917
-5.985227236515821 -5.954885115820222 -6.005876161554099
-5.985005350845514 -5.964536734958131 -6.006646400329061
-5.980909111428914 -5.9585815203316965 -6.005137572035064
-5.9808258552662075 -5.956841806156192 -6.0024905965118975
-5.984269473794496 -5.965433162287755 -6.010087870254799
-5.9829143507431555 -5.952701262649586 -6.010270636220208
-5.98025929692811 -5.955901774201727 -6.005509837448818
-5.981551502582118 -5.9591295916999885 -6.006597832489957
-5.980595520257169 -5.956828450294463 -6.004525296620297
-5.980428344055142 -5.950769048628014 -6.001986452911339
-5.981020642700158 -5.955825204367321 -6.003006773619775
-5.9796417106193225 -5.951905909765082 -6.000260002975558
-5.98052348964449 -5.9556785445551546 -6.0012246262747215
-5.981964735598464 -5.9565083057614014 -6.004984682363692
-5.980435224230965 -5.95274237719851 -6.004681072070071
-5.977854373715701 -5.954602831759606 -6.003710262265577
-5.979074971223967 -5.949329247118756 -6.003293012659099
-5.979103246332504 -5.955031322891313 -6.003023560173874
-5.9793699436742935 -5.9561452357151135 -6.003796401807787
-5.978269296599793 -5.951670258035248 -6.003151571794847
-5.978671756709258 -5.956251799645775 -6.003592435744843
-5.977370196430226 -5.956513031246378 -5.999890114085194
-5.978520392841141 -5.950532038674954 -6.000535094988508
-5.978090019737655 -5.952886065897369 -6.003896253512728
-5.976961610550182 -5.951045079202523 -6.002959375181068
-5.977176857454345 -5.953793387309124 -6.00209243453772
-5.976729404616139 -5.948083982790406 -5.997136025257841
-5.976312731511881 -5.948601041395022 -6.000714748839955
-5.976430207496446 -5.949877997598661 -6.000533472916988
-5.976315960366325 -5.947507982957015 -6.00034625568555
-5.975588653358877 -5.949471803964925 -5.999658950032351
-5.976048357738242 -5.950499950651222 -6.001647402241145
-5.976099174475465 -5.949788326569382 -6.001550059088671
-5.976592012333137 -5.953816279029758 -5.999994285027088
-5.97554326833941 -5.949764585959231 -6.0001297091376795
-5.975327508439682 -5.949153045951408 -6.000206380308927
-5.975152124308603 -5.950364213217504 -5.998777844555151
-5.974420954746307 -5.949652730617249 -5.998705115394922
-5.975035251848232 -5.951218196071294 -6.000398859842156
-5.974964217050476 -5.949420672519703 -5.99893324277899
-5.974943576523005 -5.949887137309124 -5.998849310008498
-5.9745779313894385 -5.948925119116177 -5.998636177355339
-5.9744957917464925 -5.948872148410335 -5.997957359285673
-5.974309574356112 -5.948440799350588 -5.99768153168215
-5.973981951246833 -5.9469970929495535 -5.9975241530221535
-5.9739177060962705 -5.9478927562786135 -5.99801684781559
-5.973771321302762 -5.9475945413914 -5.998417895568169
-5.973968040014137 -5.948716263998754 -5.999365355087299
-5.973711662936083 -5.94710218547172 -5.998323268442425
-5.973798479891539 -5.948248469282423 -5.998587081399925
-5.973562622636116 -5.947863186627115 -5.998511258987031
-5.97013937304941 -5.9459155794089735 -5.997258133292935
-5.9686644504453525 -5.945152286251884 -5.996967593877955
-5.9677959489524754 -5.944774077675881 -5.996899278261163
-5.967166986212611 -5.944577672938036 -5.996910840236065
-5.966686309367468 -5.944479428124637 -5.996954617305798
-5.96627935300275 -5.944439926465795 -5.997036343304572
-5.965933443110361 -5.9444143182987075 -5.997115655057362
-5.9656437816729495 -5.944398047916304 -5.997190515544123
-5.965392444021924 -5.944383164053445 -5.997269487793572
-5.965154927074964 -5.944365393966229 -5.997338652168717
-5.964926794929238 -5.944370317525426 -5.997424282455916
-5.964723165865831 -5.944355207292029 -5.997490221549318
-5.964552096932745 -5.944332938090374 -5.997550106166467
-5.9643692592778565 -5.9443367580932 -5.99763941440653
-5.964208359727458 -5.944312479853022 -5.997689151646033
-5.964039976477041 -5.944308490072293 -5.997763748074639
-5.963903881771059 -5.944299180583927 -5.9978372128254405
-5.9637727661396855 -5.944261801148876 -5.997877443971387
-5.9636188674699495 -5.94426083907409 -5.997960452538338
-5.963512767916461 -5.944239673428807 -5.998022864569251
-5.963380203827019 -5.944192503467996 -5.998060002462531
-5.96325107982549 -5.944188315613047 -5.998140276141456
-5.963138039743758 -5.944159113813673 -5.998191541145994
-5.96304401067417 -5.944120149784857 -5.99824212714385
-5.962935979843258 -5.944099719843822 -5.998306557333514
-5.962825233153467 -5.944077592123754 -5.998373646966017
-5.962720521705627 -5.94406907493227 -5.998449035569086
-5.962638442415101 -5.944025470307429 -5.998495943614078
-5.962550177001576 -5.943989845244046 -5.99854296482685
-5.96246571379048 -5.9439575025534594 -5.998589778565359
-5.962355842210772 -5.9439433543948486 -5.998662168222245
-5.962266973273052 -5.9439198684515535 -5.99871733751521
-5.962192256977706 -5.943901334363772 -5.998782597601929
-5.962114311827915 -5.9438760374561745 -5.998835805320033
-5.9620447556644365 -5.943837016834724 -5.998876621166177
-5.961965090470691 -5.943799269547549 -5.998914400343547
-5.961870457876908 -5.94378254642407 -5.998972115911571
-5.961799392902941 -5.9437746800478815 -5.9990383945083146
-5.961726336299131 -5.943751788327249 -5.999087679076696
-5.961660401280823 -5.943727793050243 -5.999132248320892
-5.961598208112524 -5.943713814669535 -5.999184512974158
-5.961532031684538 -5.943669417747812 -5.999214804216722
-5.9614761755202865 -5.943662258779555 -5.9992675592637035
-5.9614029378592175 -5.943648110620943 -5.999318352735823
-5.9613402316953525 -5.943619418155279 -5.9993518315375365
-5.961262739188709 -5.9436105897043054 -5.999403322877637
-5.961202175535736 -5.94359403635873 -5.999452965810655
-5.961126885892405 -5.943577822568962 -5.999497704806522
-5.961074168053968 -5.943571767157076 -5.9995461217552535
-5.9610241660744085 -5.943546300471575 -5.999580487037913
-5.960976095372273 -5.94353382179568 -5.999619454476978
-5.960918549340276 -5.943485944426938 -5.999628243841259
-5.960866223792565 -5.94347686130911 -5.9996690785487
-5.9608063843686265 -5.943466957598082 -5.999710516817638
-5.960758736133428 -5.943440840097285 -5.999739751827584
-5.960703513669581 -5.943424880974371 -5.999774003942464
-5.96062698680165 -5.943408553999333 -5.999804408352809
-5.960584498698319 -5.943399301103602 -5.999841848026837
-5.9605344665425495 -5.943392453394834 -5.999879947846251
-5.960486757954932 -5.943367269672505 -5.999905033370915
-5.960427612583818 -5.943354168477631 -5.999933683680663
-5.9603815636877355 -5.943328418828958 -5.999952394087028
-5.9603445374783695 -5.943318571710565 -5.999981798848646
-5.960296496952444 -5.943305102663566 -6.000002527413763
-5.960248999598294 -5.94328713450213 -6.0000225392496045
-5.96020566656109 -5.943254876700496 -6.000022784446462
-5.960171929558587 -5.9432300325339735 -6.000031121139621
-5.960114443879009 -5.943223580973647 -6.000060601346425
-5.96007174454221 -5.943197378583898 -6.000063562570013
-5.96002307031588 -5.943178533236628 -6.000075520632146
-5.959979526045207 -5.943172562713694 -6.000095890832625
-5.959922613713615 -5.943158980481427 -6.000104152080597
-5.95988051790101 -5.943155839590215 -6.000121730809159
-5.959834800943236 -5.943146162249724 -6.000131331209199
-5.959790804029417 -5.943135975575524 -6.0001371027660015
-5.959742159979297 -5.943130797349473 -6.000143025213178
-5.959707276280823 -5.9431082451846455 -6.0001408938866465
-5.959670038837989 -5.943108726222039 -6.000154153378254
-5.959629150073774 -5.943103378218083 -6.000156643069424
-5.9595883820144 -5.943099727993162 -6.000157623856855
-5.959550963514307 -5.943101765328002 -6.000166186885575
-5.95951888620334 -5.94306979048954 -6.000137159349892
-5.9594860243109204 -5.943074289603978 -6.00014278001632
-5.959427210878113 -5.943078986792638 -6.000143911694125
-5.959393654932869 -5.943079920571106 -6.000141780367593
-5.959355934670678 -5.943071092120132 -6.000135537278372
-5.959322529606483 -5.943072987973386 -6.000132462887003
-5.95925828445592 -5.943083627388662 -6.000136612372287
-5.95922174106591 -5.943091465468533 -6.000136857569144
-5.959184171684769 -5.9430942668039375 -6.000130142947505
