-30.639685474153005 -30.75470862168785 -30.792915743017662
-29.256284260240445 -29.26625886101088 -29.305828131731044
-23.078889091836977 -23.220080203508726 -23.225074378051406
-21.314166359317568 -21.49086676338324 -21.525181121212665
-21.25074590870958 -21.43912914691943 -21.41263551838024
-20.22463995479809 -20.360955129456592 -20.416891782739803
-20.680687180722195 -20.83907777325237 -20.818356009477313
-19.01242552191368 -19.24987335402305 -19.199287743215105
-20.681307528666892 -20.830337938590585 -20.814424798517376
-19.986898072144367 -20.141755767651336 -20.19656896180356
-20.088221197042852 -20.253168673928265 -20.23032543482553
-18.7750298723308 -18.983642683312688 -18.978625004487363
-19.71860761026829 -19.90361210314789 -19.892962215276782
-18.97759968665395 -19.1148676907179 -19.205206295322373
-19.52897312173946 -19.691916620664585 -19.71764821200998
-18.970946260465855 -19.172726809901445 -19.17589890306397
-19.317503522736654 -19.486854694568613 -19.501996035414273
-18.928203453503887 -19.117249771111588 -19.127320668123563
-19.228415683962794 -19.42383654001508 -19.45758586009298
-19.00620304785075 -19.129939193101034 -19.188356104833787
-18.72995942744775 -18.89307692501885 -18.91586319486825
-18.99025681055526 -19.110374283040716 -19.25267699283817
-19.319124928129806 -19.415557217053532 -19.556625760608128
-18.153519076805896 -18.26582864336493 -18.370815533457783
-18.717109702960556 -18.99545505035545 -18.911106449238943
-18.28800066591487 -18.484880532030914 -18.46442418150488
-18.183672594087522 -18.365947547528005 -18.459304660575818
-18.521846092516817 -18.79025953589509 -18.743805334802197
-18.056409131678226 -18.274897084365577 -18.324552637896684
-18.25318356511129 -18.448613289665015 -18.451012152902425
-18.099839988917065 -18.231049596415875 -18.298566175150775
-17.789309994806892 -17.983260220877316 -18.049070582863656
-18.05000819542094 -18.19143128466986 -18.309753172566055
-17.370639867627045 -17.576993601222533 -17.583132477069572
-17.774149824826438 -17.932987658538885 -18.020868484348075
-17.06637518032923 -17.259488771003877 -17.314782946223435
-17.483199524216726 -17.70100462657529 -17.728805620871626
-17.42483159675835 -17.644459722371824 -17.71053321658709
-17.005484290706846 -17.19278273609166 -17.293744783439834
-17.47345458472594 -17.704992502221565 -17.696975629128374
-17.322486388006897 -17.514272917452068 -17.579443443513068
-17.969157827768605 -18.18869766702122 -18.164892802493178
-17.799884858362542 -17.996395007539853 -17.978681797682725
-16.631194975686682 -16.85261816364175 -16.897090589774194
-16.632463330322096 -16.885272419283176 -16.912776309412695
-17.3130755719168 -17.500149997643796 -17.57417261429315
-17.214198201655137 -17.44858131260771 -17.42279266585296
-17.344896852846887 -17.500749567468226 -17.56263013354394
-16.642018877279614 -16.85953530603727 -16.892260644026422
-16.69068835780124 -16.881182932329814 -16.95184273585583
-16.85340799848266 -17.056076398238904 -17.092209431989517
-16.79991861400784 -17.01458406263464 -17.035337006614373
-16.866417998969624 -17.044525527789745 -17.11358274474081
-19.4452023759207 -19.592003463620205 -19.735226897930428
-16.98914788647298 -17.161954117971778 -17.293380325378735
-16.657180784380138 -16.853234773871716 -16.91625471734097
-16.479781222020296 -16.67487474250054 -16.719712960179134
-16.278343443867257 -16.491181274571844 -16.550833135141442
-16.51558732230609 -16.689184896394334 -16.743718392132756
-16.192006911241183 -16.428548738084338 -16.464861278764
-15.806400472587097 -16.04974662389595 -16.11137005380349
-16.085693475051553 -16.32587187971241 -16.35735610707747
-16.464715253285313 -16.68988691902736 -16.767332021153432
-16.170445107000603 -16.353131269186235 -16.423214758490094
-15.788259123266085 -16.014300266251077 -16.016774045537765
-15.941811496516411 -16.16020884384425 -16.19129084061782
-16.006234884316857 -16.20334673564735 -16.25516411410468
-15.780225715663498 -16.01869753238098 -16.090212695424682
-15.543936932960543 -15.756821631974365 -15.814285550016155
-15.811840691841418 -16.002754444810964 -16.06298070882395
-15.863669230914406 -16.072843105409845 -16.12841530437787
-15.597231731725895 -15.850021289988153 -15.850690689393668
-15.51492438676739 -15.716477104426971 -15.787523754980974
-15.642236125296678 -15.907614915445928 -15.89728957630313
-15.214598540681383 -15.475438043609975 -15.524950302448305
-15.518655589003139 -15.743823168556117 -15.78875259145247
-15.47015596876576 -15.728226569232012 -15.750170940506534
-15.443271556778006 -15.667223390039315 -15.740757293087665
-15.263423552273226 -15.51474142341663 -15.549313321187537
-15.265214672916763 -15.489723793960039 -15.538387292010698
-15.398041504978886 -15.642290331484274 -15.684108955431505
-15.26267919840551 -15.500437370408768 -15.5246511916194
-15.000306023199641 -15.244346372118699 -15.28857982795448
-15.221466778230043 -15.484377314129146 -15.500734385096568
-15.04360962735629 -15.266747563011632 -15.317241180086876
-14.93728670207435 -15.169484294215856 -15.24602447632467
-15.034256237554956 -15.287279989430742 -15.32615294393488
-15.063831158021715 -15.322505873680525 -15.339623588724153
-15.057930952046291 -15.29325486051271 -15.334416283744973
-14.866925438710691 -15.128434588404783 -15.168800735254523
-15.728431280141805 -15.936492933070337 -15.987509563693639
-14.864678944605892 -15.113122837341125 -15.14199266428238
-14.79044099251703 -15.03965575856312 -15.1032434383526
-14.965915329834798 -15.225434046477812 -15.265575218310238
-15.343759949717224 -15.578287199415662 -15.645342200737723
-14.789212492836116 -15.045526704208854 -15.068035022750934
-14.640610780985416 -14.896739139581538 -14.941819508140078
-14.848128093348791 -15.085009849775151 -15.129819989409821
-14.625515580697632 -14.870697928728188 -14.915399734348076
-14.736743684256458 -15.013711425570875 -15.037431483567275
-14.190650435609157 -14.47685986559538 -14.52517649361897
-14.102216344632254 -14.395991675867084 -14.448126637887707
-14.060613618618916 -14.362576282111698 -14.413876695101594
-14.037380473081912 -14.343702981103242 -14.395982912119472
-14.023471810147868 -14.332822051042115 -14.386328910288627
-14.014137083378271 -14.325349096900581 -14.380556618188182
-14.007330821953284 -14.32000756089105 -14.37582399213814
-14.001843651163147 -14.315970983345002 -14.37159184735784
-13.997197653763655 -14.312233559585039 -14.368002517410972
-13.992236797272296 -14.307168246445498 -14.36401156842332
-13.984847421731562 -14.299434111273428 -14.358205200405658
-13.974905261165269 -14.29030560810265 -14.35189610743646
-13.964467961131472 -14.27962642802806 -14.344128621302412
-13.956150996775401 -14.26880229931872 -14.337484518595634
-13.950522956699167 -14.26285551334958 -14.332961115872703
-13.947454674666211 -14.259919830151336 -14.330246401134406
-13.94542318252539 -14.257987111562905 -14.328444444195146
-13.94377495638398 -14.256445375612612 -14.327019986717405
-13.942315106005223 -14.255037753965155 -14.325775865163699
-13.940892714893245 -14.253605728773966 -14.324636775963885
-13.939465271038157 -14.252111116908122 -14.323510587934377
-13.937976055026958 -14.25063943595837 -14.32229633539453
-13.936310684656291 -14.249075820968871 -14.320873700908242
-13.93439531578241 -14.2474214290042 -14.319295691457855
-13.932190727481014 -14.245356594679018 -14.317469334479107
-13.929518597771759 -14.242635389177618 -14.315129595060311
-13.92612232932983 -14.23908015049413 -14.312010737139216
-13.921742318554525 -14.234534674911137 -14.307881941951464
-13.9161667318802 -14.22875766187123 -14.302477753895031
-13.909289344053226 -14.221798234024936 -14.295760170609563
-13.901106221194436 -14.213560986138788 -14.287673380510482
-13.891632991250072 -14.204070216568828 -14.278279645767519
-13.881448516127106 -14.193877424365844 -14.268104408610354
-13.871896058040297 -14.184402853699915 -14.258447602177268
-13.864192550548761 -14.176928111367676 -14.2505373617892
-13.858484945816471 -14.171446570544754 -14.244546310714028
-13.854213440305962 -14.167304805310211 -14.240007061988441
-13.850810444001738 -14.163969093332616 -14.236351262968482
-13.847874829173772 -14.161292277035761 -14.233262133831131
-13.845280484279051 -14.15924343123923 -14.230589908816771
-13.842925588098197 -14.15770716504874 -14.228321546524986
-13.840850194295248 -14.156410516412645 -14.226440359572443
-13.839061483579917 -14.154912643728457 -14.22476460973399
-13.837333092053074 -14.153123927085577 -14.223194733630098
-13.835586663966286 -14.151005762602326 -14.221609151753661
-13.833726615213456 -14.148659340835039 -14.21998682958788
-13.83178901058927 -14.146137991941782 -14.218252183102384
-13.82978299423768 -14.1435757250377 -14.216470699759478
-13.827735454823104 -14.141004517180095 -14.21465205543689
-13.825748219480193 -14.138506625141373 -14.212869310022976
-13.823893155554314 -14.136136220581108 -14.211180378553992
-13.822179732529728 -14.13396746081969 -14.209635743870262
-13.820617286030133 -14.132017281074967 -14.208240594485927
-13.819212537783468 -14.130280737525581 -14.20701386146611
-13.81791903291821 -14.128746259525798 -14.205931004541211
-13.8167612806233 -14.127404800934404 -14.204979403001149
-13.815658621806648 -14.126231432269227 -14.204152045340322
-13.814634446683709 -14.125173875249084 -14.20338877284068
-13.813668798967639 -14.124282830339832 -14.202728569473363
-13.812714440231622 -14.123497814620583 -14.20208968108307
-13.811802167605455 -14.122831135050895 -14.201505622666572
-13.810897399057554 -14.122259334776228 -14.200949189582136
-13.810034882904551 -14.12177441953226 -14.200429076096711
-13.809206366018676 -14.121351985775258 -14.199925790224727
-13.808398737295068 -14.121012755479859 -14.199478456167432
-13.807630029569241 -14.120725803465639 -14.19906547848758
-13.806926736058298 -14.120489867480343 -14.198695691682223
-13.806283809277152 -14.120284015173954 -14.198376668177412
-13.80570923704239 -14.120078162867568 -14.198066338939546
-13.805174068448299 -14.119899133421747 -14.19779162815013
-13.804718081550766 -14.119718736535976 -14.197529818531017
-13.804287901917135 -14.119550436234382 -14.197286238826464
-13.8038875964108 -14.119366883717955 -14.197030318872056
-13.803502002420739 -14.119184172703038 -14.196766405801263
-13.803155136634201 -14.119026917108735 -14.196515954821223
-13.802813618259268 -14.118857038991814 -14.196247554386847
-13.802496855981373 -14.118692841010072 -14.195968917154293
-13.80218484564373 -14.11855231025824 -14.195702339711373
-13.801887754952526 -14.118397894731528 -14.19541332545053
-13.801580465006987 -14.118260940361106 -14.195108885877369
-13.801282406620066 -14.118143656088431 -14.194821273917649
-13.800997997409251 -14.118014275231582 -14.194526089531879
-13.800726207020691 -14.117909297918462 -14.194227820083645
-13.800449902179349 -14.117811157805095 -14.1939434334165
-13.800191214570445 -14.117711334688712 -14.193640816834794
-13.799918133336703 -14.117613930889163 -14.193359234769888
-13.799671034196205 -14.117513897397403 -14.193073305571511
-13.799433717611546 -14.117420385542331 -14.192807990199597
-13.799193201737653 -14.117328346314897 -14.192538467924326
-13.798970736226021 -14.117226524632432 -14.192285492802268
-13.798736894319667 -14.117162254954762 -14.192035462512564
-13.798496815957284 -14.117055489450937 -14.19176650115774
-13.798263676435461 -14.117006366800409 -14.191503709927844
-13.798006026629276 -14.116975126056927 -14.191213573826106
-13.797717660754515 -14.117002369668246 -14.190884734213455
-13.797406946958247 -14.117058224330838 -14.190519995692132
-13.797083174856455 -14.117102823910761 -14.190161427295735
-13.796697191553447 -14.117070426102703 -14.18975742434305
-13.796246614287481 -14.116977124623007 -14.189308547754523
-13.795696268622804 -14.116764540304557 -14.188760248016585
