-28.836627353561816 -29.04382645259939 -28.832991483355425
-26.543241282774016 -26.71868190940367 -26.596678492684543
-26.16328950084611 -26.360609590022936 -26.18043107348593
-25.985960341145407 -26.17503942087156 -26.027854732743677
-25.781034012599903 -25.992193472859327 -25.83261591303018
-25.653910455064427 -25.84328232511468 -25.70423458528752
-25.614714316842683 -25.827064220183487 -25.63246480870208
-25.545659354102103 -25.74495054472477 -25.602412412061582
-25.509737272671668 -25.722376122897554 -25.556793561378466
-25.525730215809002 -25.742072223814986 -25.59332942495922
-25.424033440456288 -25.70232403956422 -25.4710798901407
-25.37339474851166 -25.639265577217124 -25.436419090283444
-25.379062347088567 -25.604418124044344 -25.429648867633563
-25.29951813784456 -25.54841778956422 -25.370009255837072
-25.32919713214606 -25.592686831039757 -25.429722946191884
-25.27943736237971 -25.520609948394494 -25.407410564080344
-25.226650742639862 -25.45839127006881 -25.31645444089009
-25.236648761162535 -25.461567636659023 -25.3267716723593
-25.22957660735402 -25.48579654051988 -25.320643463881524
-25.176838409568177 -25.432620173929664 -25.26419679725734
-25.098363624663595 -25.346505877293577 -25.224588266593596
-25.099698095488094 -25.387621249044344 -25.196911561352977
-25.1025511679885 -25.355511754587155 -25.213899049245512
-25.087791710416326 -25.375541738340978 -25.210375936735318
-25.034305361584572 -25.29147852159786 -25.156018604073207
-25.03336033706777 -25.315043243501528 -25.164674245513865
-25.04408675557617 -25.312533448012232 -25.169169937805872
-25.07125656882034 -25.32614141341743 -25.194604770977772
-24.97059513129995 -25.260631689602448 -25.09539685397125
-24.89551896229204 -25.183462944380732 -25.02860189067598
-24.91071740310512 -25.169567684441898 -25.03358028841252
-24.871306870310715 -25.12244958906728 -24.99173665630098
-24.86751068468643 -25.137988579892966 -24.983503581260194
-24.836968059350024 -25.121664158065748 -24.956335070860522
-24.828054278461916 -25.10580920298165 -24.93521352148756
-24.79424587903686 -25.03949911601682 -24.870503909436174
-24.76545297463709 -25.035813861811928 -24.8960255658646
-24.738149204605694 -25.00706828172783 -24.85361598949837
-24.7398170542122 -25.027039134174313 -24.855440074429037
-24.735959704014434 -25.02955131880734 -24.86996903038336
-24.714648787922034 -24.984489081613148 -24.852861662673327
-24.700285466532783 -24.977561759365443 -24.814606459650285
-24.67838536357242 -24.93537127293578 -24.804000481112357
-24.66526301403727 -24.916769997133027 -24.785003313621534
-24.68321210854673 -24.94409881498471 -24.822168048404365
-24.67334995820421 -24.958083667813455 -24.78673579603385
-24.65022656377426 -24.906104262232414 -24.764883417873165
-24.65250605911556 -24.905461582568808 -24.751417847675366
-24.64123760143125 -24.904102159785932 -24.756355621686378
-24.657001495983526 -24.924133935397553 -24.79725973057708
-24.626564952954247 -24.90603497706422 -24.722226116435564
-24.621103466247348 -24.87676259078746 -24.74275264771105
-24.61585812622329 -24.8776704654052 -24.734511208962072
-24.61965064834448 -24.876750645068807 -24.71755478627141
-24.609253626549503 -24.893525420489297 -24.723586214697185
-24.63096099739031 -24.907300625955656 -24.757847149648246
-24.595381214575518 -24.868594705657493 -24.71864246660889
-24.596388200079513 -24.875925195909787 -24.7125580680312
-24.588206641962977 -24.85521609805046 -24.700356214314844
-24.58023995626733 -24.85532659594801 -24.707577280663745
-24.577819814263577 -24.8579731699159 -24.691915639656404
-24.569497131636357 -24.835695001911315 -24.684113494723697
-24.571375553029686 -24.832550291475535 -24.6939360725938
-24.568906829789185 -24.82426713016055 -24.667930117633563
-24.5767589911923 -24.852333596139143 -24.712506690966556
-24.563146050807372 -24.826919079701835 -24.690125009558525
-24.547839297728757 -24.814493740443424 -24.65341350810563
-24.565515222333225 -24.8428062882263 -24.680016472522432
-24.54694874791021 -24.845058653478592 -24.66473279147125
-24.54838707108343 -24.817638450879205 -24.677367566654773
-24.547191335528463 -24.801662246750766 -24.661280173073003
-24.538652665501143 -24.80844502580275 -24.662310103996738
-24.539066482068584 -24.79719574254587 -24.645265663234095
-24.518743756116457 -24.775720924120794 -24.636902353308525
-24.510721640026098 -24.782433820718655 -24.620057844998982
-24.497384577352797 -24.766839282301223 -24.60342681038438
-24.491320046179254 -24.751229811735474 -24.603047655612766
-24.48846346945849 -24.749365682339448 -24.612214678068923
-24.488887639404258 -24.75701094227829 -24.609922623751018
-24.480834303896184 -24.74639657396789 -24.592258073766313
-24.471672360493802 -24.737680380351684 -24.581118809262847
-24.464167116905887 -24.711936759365443 -24.57823890574021
-24.455722423697196 -24.717682650038228 -24.574852002192088
-24.452618003027645 -24.720462418769113 -24.568520276814844
-24.433343994658294 -24.692285454892968 -24.5481693834115
-24.375108312265535 -24.616227064220183 -24.487761107004488
-24.23094038620331 -24.490788059059632 -24.350092080444536
-24.15969433004404 -24.41847106746942 -24.276099548837685
-24.146384823285352 -24.398909953172783 -24.25673238682708
-24.137927706022673 -24.39864834193425 -24.255325690762643
-24.135437957460038 -24.394648915328744 -24.258259360980833
-24.13561141636764 -24.39706433964067 -24.25356254142027
-24.13217632472272 -24.391253942087157 -24.2482531798022
-24.132115797280214 -24.390979787844035 -24.24787283021513
-24.131608959590604 -24.388393539755352 -24.24964155536297
-24.127578309767983 -24.38356328841743 -24.24131767434747
-24.12748735932148 -24.382745603975536 -24.23933228933014
-24.12632841808025 -24.385999617737003 -24.241693642944536
-24.125058775332327 -24.380007047974008 -24.24150008284054
-24.123618540766188 -24.376668816896025 -24.24083337581566
-23.911125644776547 -24.17884891055046 -24.045082378543025
-23.888382139689693 -24.164026065558105 -24.031927858635807
-23.87814296709346 -24.160275707186543 -24.027387161628262
-23.87231560792489 -24.15940128058104 -24.024545492200243
-23.868402986615152 -24.158344084480124 -24.022584800035684
-23.865340298024385 -24.156498470948012 -24.021032336485522
-23.862938314253384 -24.155971664755352 -24.020106354506524
-23.861080281051215 -24.15624522171254 -24.019628826595635
-23.859579359759827 -24.156649584288992 -24.019428894142536
-23.8582249785924 -24.157183557912845 -24.01937233954425
-23.856751613215625 -24.158090237958717 -24.019503370972675
