-62.29012627099912 -65.26576534431138 -60.67806154822335
-59.240613429763485 -62.58254974426148 -57.67945616539763
-56.56955395874779 -59.87505067989022 -55.24002617385787
-55.22507304791114 -58.663282809381236 -54.18103585025381
-54.48093026428492 -57.92971089071856 -53.53826604801184
-54.168025306006854 -57.631568893463076 -53.113016867597295
-53.85188499875663 -57.544165575099804 -52.91716899323181
-53.42865654011936 -57.091777382734534 -52.616381133671744
-53.3293126761439 -56.978535117265466 -52.4556928140863
-53.10393223985964 -56.97830121007984 -52.46683983714044
-52.95838211828581 -56.78381908058882 -52.2604398001269
-52.98330518484748 -56.90858907185629 -52.49571370029611
-52.71086410670866 -56.65896332335329 -52.25733330689509
-52.614631254835324 -56.64507313498004 -52.16690130604907
-52.42092175066313 -56.438264096806385 -51.93344833967851
-52.32314461759505 -56.37227108283433 -51.996424228003384
-52.37881299734748 -56.456731069111775 -52.080111172800336
-52.085915050287355 -56.178354229041915 -51.9568461823181
-52.11904866752321 -56.30963463697605 -51.88758460236887
-51.97576942072834 -56.13379880863273 -51.795751374788495
-51.945362580128204 -56.21275417914172 -51.81200097821489
-51.83959853006189 -56.15593812375249 -51.82911973879018
-51.822091208001765 -56.1638753742515 -51.801928008671744
-51.637223005083996 -55.98573556012974 -51.66182516391709
-51.77715249571729 -56.0763590007485 -51.6855667036802
-51.60026948289677 -56.00740316242515 -51.764888034052454
-51.635165402575154 -56.066608969560875 -51.628255208333336
-51.355960485051945 -55.88304250873254 -51.6434472821489
-51.375900147131965 -55.798711171407184 -51.496672086505924
-51.30476693744474 -55.850829590818364 -51.642657439720814
-51.3040541590683 -55.893381206337324 -51.60463264065144
-51.40612264105327 -55.92907934131737 -51.82344873625212
-51.275466176917554 -55.9260346494511 -51.54620412965313
-51.265126357344165 -55.84409306387226 -51.42712299069374
-51.04112139768457 -55.762163173652695 -51.481704737732656
-51.11592297676282 -55.79484780439122 -51.403877167935704
-51.07572417592286 -55.732889689371255 -51.43388457064298
-50.964426271689874 -55.7504405251996 -51.44409964572758
-50.96765298615716 -55.756639065618764 -51.4817675285533
-50.96297783349912 -55.72160756611776 -51.52421081852792
-51.07453606805371 -55.7205744760479 -51.47670791032149
-50.848517541860076 -55.676338728792416 -51.395542512690355
-50.935484274839745 -55.78337855538922 -51.436944796954315
-50.77068654675066 -55.559221400948104 -51.36901173857868
-50.682779947916664 -55.63765827719561 -51.290367888113366
-50.554829969330235 -55.5618684505988 -51.29692457170051
-50.71496851859527 -55.6410655251996 -51.31172007191201
-50.586067449298184 -55.47951362899202 -51.21044178299493
-50.53178965655393 -55.44038485528942 -51.24658946700507
-50.5260680019065 -55.444630270708586 -51.18302532783418
-50.46605171723033 -55.423679983782435 -51.169065936971236
-50.3935326695126 -55.44200661177645 -51.16449542618443
-50.42059277602785 -55.457269055638726 -51.12004943950931
-50.276580459770116 -55.37793943363273 -51.07429475994078
-50.27315299306476 -55.415282715818364 -51.08703799175127
-50.33436731529067 -55.44105538922156 -51.13260099407783
-50.443198341484305 -55.488612618512974 -51.17360009517766
-50.29926287231985 -55.36254444236527 -51.13356268506768
-50.20321911610301 -55.356529129241515 -51.07498545896785
-50.16881493147657 -55.36818550399202 -51.09720019035533
-50.103354591484305 -55.27567911052894 -51.05309790080372
-50.06241624530283 -55.29999376247505 -51.08277813028765
-50.06571074063329 -55.2838346744012 -51.06799915397631
-50.0442224801061 -55.30209502869261 -51.06660453680203
-50.03406312168435 -55.22499532185629 -50.99988763747885
-50.06118712353559 -55.262315213323355 -51.07500859242809
-49.95716206274867 -55.18720371756487 -50.92487574027073
-49.924742087339745 -55.22980601297405 -50.96264937605753
-50.002971564848586 -55.266237057135726 -51.01378093274111
-49.95652829009173 -55.22739287050898 -50.971489662648054
-49.924193364555705 -55.23363819236527 -50.920255657783414
-49.8084426461649 -55.16308008982036 -50.931220917935704
-49.95327437693413 -55.18917633483034 -50.98628185807953
-49.81062113174182 -55.11752276696607 -50.9218551713198
-49.7513197840683 -55.13337387724551 -50.93628714572758
-49.72640060303382 -55.10844716816367 -50.90146137373097
-49.70277616600354 -55.09609686876247 -50.827318633671744
-49.70845637502763 -55.136469249002 -50.87502313346024
-49.69926494460102 -55.15218391342315 -50.91285956006768
-49.72285311671087 -55.15894772954092 -50.93336572017766
-49.61280246670535 -55.09884137974052 -50.882343221235196
-49.650487331454464 -55.1467377744511 -50.87421015757191
-49.62160534441313 -55.127756206337324 -50.88896600042301
-49.55842710405614 -55.07985981162675 -50.87384663176819
-49.535107033322284 -55.08903677020958 -50.87808996933164
-49.50114061809239 -55.068741423403196 -50.8344239107445
-49.49134175024867 -55.084884917664674 -50.85996325084602
-49.487914715268566 -55.08742670908184 -50.855617465101524
-49.48052185220491 -55.082179391217565 -50.84509174069374
-49.48797256645115 -55.053330838323355 -50.8350782571912
-49.48291145142573 -55.04138207959082 -50.836466264805416
-49.423990453691424 -55.04990799650699 -50.8216311072335
-49.42271427387268 -55.063529191616766 -50.81111860194586
-49.42605798588086 -55.06727560503992 -50.82708399428934
-49.443627476375994 -55.057525573852296 -50.82257957910321
-49.39925605106101 -55.046816523203596 -50.805675629230116
-49.360783719468394 -55.04549494760479 -50.80892092322335
-49.36001308990937 -55.04526493887226 -50.80660427241963
-49.353546709217504 -55.01658401946108 -50.78705649851946
-49.3255514858256 -55.023410210828345 -50.78398305308799
-48.495495378813 -54.88946326097805 -50.600620637690355
-48.336053634090405 -55.06456618013972 -50.7545804251269
-48.246709821921975 -55.189184131736525 -50.85739543675973
-48.18432336566092 -55.280509293912175 -50.93120769881557
-48.13530744018015 -55.350470933133735 -50.98787476205584
