-10.698792763876128 -11.07359285919418 -11.063087144910533
-10.66166092541315 -11.028876068966984 -11.045768170088476
-10.66847178535882 -11.036291695030632 -11.054515693235311
-10.680470664046549 -11.064691116405719 -11.074915281873865
-10.685273768913616 -11.056598743830838 -11.076416403325629
-10.673266471965599 -11.032487488831688 -11.059973853469543
-10.652972084517206 -11.02632131764806 -11.047069736487636
-10.650119269025623 -11.02103963687032 -11.042855707573588
-10.652229372426671 -11.015291944988087 -11.045705528743904
-10.654999445280954 -11.042588495575222 -11.055050997033094
-10.635623667256477 -11.022084671757998 -11.0441382766419
-10.624312117367916 -11.00560509647294 -11.035149271388669
-10.630916109643675 -10.9977234593048 -11.034717705202189
-10.618660407557224 -11.000653811585263 -11.021441284844316
-10.605017265408783 -10.961683383679373 -10.992848640344969
-10.601466841979153 -10.973434375531824 -10.993848686425958
-10.600231883194954 -10.958419976386997 -10.98435976890384
-10.599159020227928 -10.972937119745575 -10.998864812556715
-10.586367650947382 -10.944279763550885 -10.978943757266617
-10.585235306325428 -10.931921827135806 -10.974890845657043
-10.58374356844914 -10.948420348664056 -10.975007709703947
-10.578531225365513 -10.953524533058204 -10.964467625003545
-10.581845117834376 -10.94182107300885 -10.961987891777024
-10.567897101743625 -10.964590136253404 -10.977022589875652
-10.563242335484155 -10.92647827231535 -10.946065857708994
-10.55751833940157 -10.933292604450306 -10.951959516521807
-10.549317447455877 -10.91549277516593 -10.935328654931375
-10.534966351770564 -10.913475166461028 -10.930972450657896
-10.545023625182898 -10.898947719005276 -10.925606507787688
-10.52821382150736 -10.880853724366066 -10.909818618137477
-10.519162574506034 -10.881786078965282 -10.89745490044734
-10.526360740884884 -10.903026479535399 -10.92977650498738
-10.523081717736265 -10.906287227705922 -10.931310359449439
-10.518830806437435 -10.8916015625 -10.909786328213617
-10.531763602490813 -10.89455883838921 -10.908901872306034
-10.52337188187639 -10.889518472919503 -10.91895267881196
-10.524014571742718 -10.90081475493533 -10.906646950058843
-10.507600802907083 -10.889526117894826 -10.902259009719543
-10.51642085789693 -10.879441065882403 -10.901730795304701
-10.507237953735368 -10.869508248595984 -10.907358546871455
-10.511160442116397 -10.88779868586198 -10.902275736232419
-10.508500360478767 -10.87484643571307 -10.902213981060713
-10.511040504060615 -10.871150588729577 -10.892891774809296
-10.50587457217515 -10.870692887380871 -10.900199876290268
-10.501017213835862 -10.88694111906484 -10.897521529569817
-10.498877092690893 -10.885581310627979 -10.91169315068129
-10.502809262071253 -10.878785259955752 -10.898965991343863
-10.494748179706287 -10.870347201540163 -10.896120601037886
-10.496434800308233 -10.866790293673418 -10.891634295510293
-10.494922969373837 -10.87798719101004 -10.892945554425193
-10.492892041926126 -10.853167944817903 -10.87313493842871
-10.486825422649835 -10.852952223557692 -10.873334493481313
-10.487552826798636 -10.8623754866193 -10.876490265834137
-10.484545735610624 -10.851881594622192 -10.869837378417083
-10.490700037713806 -10.861191180224642 -10.887987417231454
-10.484358562239123 -10.857623303480258 -10.871011225151713
-10.483187382853263 -10.863068852642103 -10.885797407146807
-10.485256126012318 -10.857712716452518 -10.880201834732304
-10.487176441950513 -10.855290921226175 -10.877874910939626
-10.480870278862405 -10.854729846515486 -10.87885136266802
-10.482166779559968 -10.854377845260382 -10.876174511364281
-10.484006856185632 -10.85776124542631 -10.881440704401088
-10.478723733255638 -10.851221800012764 -10.87495103894907
-10.479239595384737 -10.843654271613342 -10.871733234495519
-10.475228693117373 -10.848736518252212 -10.862295936542933
-10.475815490166054 -10.833678575987067 -10.868772530945156
-10.47603855191036 -10.8367787796758 -10.866220408472522
-10.473919542876061 -10.83973605556501 -10.865183696989138
-10.475497435000397 -10.843115799438394 -10.865146976200942
-10.471304964150617 -10.835328561095984 -10.864445791919522
-10.473376897387256 -10.838751515699455 -10.86326851126503
-10.47144588139717 -10.837135102003915 -10.867494946599223
-10.472336954248616 -10.832508894762594 -10.861215525660022
-10.472473573751758 -10.835287012317053 -10.860410326838277
-10.471605496042885 -10.833332225365895 -10.866318164416969
-10.470228556652943 -10.83880503052672 -10.863398169432708
-10.4699568462255 -10.84197802767614 -10.862464198616152
-10.469809216524034 -10.839120801246596 -10.860654744392297
-10.46526353319524 -10.834137606896698 -10.860565074775266
-10.467840562049135 -10.836007301948605 -10.859230166121966
-10.466196697348124 -10.829916583347515 -10.857441869275323
-10.464624122019758 -10.839600440350578 -10.860295401294522
-10.464802744211072 -10.837159034100578 -10.859631823974166
-10.460684752811522 -10.828892156654186 -10.854543474754708
-10.461842507287555 -10.831290019783866 -10.855836456354213
-10.463660563516571 -10.834888808819775 -10.858160223156052
-10.463227023111758 -10.830617926735874 -10.855705191998213
-10.461688054364593 -10.823935885913036 -10.852308712940252
-10.460544655237682 -10.82777233396443 -10.85248904911879
-10.460212111803003 -10.825907957156229 -10.853440632621087
-10.459400192751577 -10.8255187281952 -10.851878919099507
-10.459745053430256 -10.827131485598196 -10.852489824520049
-10.45870001502881 -10.829432623170524 -10.852377114408462
-10.459016297929143 -10.824125348344962 -10.850511554364934
-10.45774731165073 -10.827037751552927 -10.854485818132515
-10.456961156906447 -10.825162405867086 -10.852196667458314
-10.457128392293056 -10.825886351791185 -10.852380492942519
-10.457072255788928 -10.823887689329476 -10.850073397267751
-10.456344519340377 -10.824102413418993 -10.849360748124859
-10.455808386926638 -10.82549113980599 -10.85125981657994
-10.444650293061795 -10.832706334560076 -10.860676344855944
-10.440987175710891 -10.839366105237406 -10.867918537229894
-10.438813669517888 -10.84372706507403 -10.872370282015654
-10.437268963061737 -10.846583959113342 -10.87505499810359
-10.436054629015244 -10.848607883232642 -10.876790124578182
