-31.593379445127567 -31.56396369485294 -31.814875753381028
-29.1491789159253 -29.030189568014706 -29.384878172775384
-28.248465347110635 -28.19890739889706 -28.427662405674244
-28.043690264196975 -28.02277458639706 -28.271302154792238
-27.83036493952324 -27.822532169117647 -28.037848974666797
-27.746485814048047 -27.73158203125 -27.967851149059193
-27.731620371164173 -27.802987132352943 -27.956505261417092
-27.627129867656567 -27.688639705882352 -27.862932122206978
-27.618871875122473 -27.600922564338234 -27.85880039384065
-27.561891389838728 -27.55616153492647 -27.779306828204625
-27.549289615461866 -27.561576286764705 -27.82179552748922
-27.54143386747531 -27.55014590992647 -27.805640710750687
-27.54175650510954 -27.44724494485294 -27.845356676915916
-27.551471074521867 -27.586090303308822 -27.83100913244806
-27.4801215413858 -27.48432444852941 -27.751758271878675
-27.398080952882506 -27.368103170955884 -27.659439619266955
-27.364993028271478 -27.393161764705884 -27.638508795570363
-27.35984590551027 -27.373582261029412 -27.623048789077814
-27.355775542796678 -27.35337201286765 -27.663426643350647
-27.352953094994316 -27.34877757352941 -27.67485445352313
-27.30920251325149 -27.332797564338236 -27.60192196381321
-27.330041919163467 -27.372252987132352 -27.63397587649451
-27.290396145433256 -27.308930376838234 -27.578480252842024
-27.26218582825482 -27.24904181985294 -27.56445427344669
-27.241303403991612 -27.24555491727941 -27.497837474887298
-27.24383635819192 -27.248589154411764 -27.53919150884457
-27.216608803667306 -27.17234030330882 -27.508944485618386
-27.198019900503606 -27.190124080882352 -27.49479370834967
-27.22242799248511 -27.26122012867647 -27.538266626445512
-27.16315988007525 -27.1665234375 -27.46729606649353
-27.15185324894184 -27.181490119485293 -27.45389675617405
-27.15490709260856 -27.129017693014706 -27.465023673314388
-27.116458637472565 -27.102644761029413 -27.44364878356527
-27.093367351000353 -27.105259650735295 -27.37269047371129
-27.107174710843196 -27.093820082720587 -27.402051278910232
-27.01854963552281 -27.041642922794118 -27.364276570462565
-27.091808969127214 -27.113561580882354 -27.428887415474325
-26.99680745659586 -27.04618910845588 -27.31042245994218
-26.978094779990986 -27.00196231617647 -27.33931316763034
-26.95619698485754 -27.005201056985292 -27.281267609515876
-26.955213456752627 -27.000298713235296 -27.26294529106233
-26.950954793071013 -26.990804227941176 -27.257386809094474
-26.942874997550557 -27.004029181985295 -27.290582660598783
-26.946954086406567 -27.005476792279413 -27.26936319396805
-26.89643462067918 -26.95119140625 -27.21052635608585
-26.879175918418834 -26.936001838235295 -27.167381510927086
-26.899853125244945 -26.96304572610294 -27.22528581009898
-26.883866602695367 -26.890901884191177 -27.200535252719522
-26.84677682324326 -26.907913602941175 -27.167856202224616
-26.854700543286565 -26.913953354779412 -27.164793294908858
-26.87186463579225 -26.907133501838235 -27.187262271535673
-26.832372488095704 -26.90580307904412 -27.177501623137985
-26.826250180646458 -26.82859145220588 -27.145362725401803
-26.837280330846333 -26.866362591911766 -27.166678661554293
-26.807797910502234 -26.83706227022059 -27.133025345452765
-26.828766371467903 -26.879311810661765 -27.142521468296746
-26.794564562431415 -26.829685202205884 -27.142823126960014
-26.778217818599114 -26.822327665441176 -27.11610489758918
-26.758859254364907 -26.788469669117646 -27.080883951759112
-26.767185907861734 -26.797768841911765 -27.08871827224618
-26.749192755281 -26.822248391544118 -27.07156813504508
-26.748149292355777 -26.787696461397058 -27.05800038587809
-26.759323576995808 -26.816784237132353 -27.081798498137985
-26.71966295351446 -26.76592601102941 -27.03810392983144
-26.724305261282137 -26.766744025735296 -27.0220819500931
-26.725061680048793 -26.751500459558823 -27.065470265949628
-26.709444334559688 -26.74329159007353 -27.0359203498628
-26.712375093691215 -26.761510799632354 -27.05997035476284
-26.711355436294873 -26.76236557904412 -27.050516724446297
-26.686196972610322 -26.73045840992647 -27.02222282622011
-26.690201123804673 -26.745101102941177 -27.035329665449822
-26.681654020394067 -26.739176240808824 -27.023502195830066
-26.66863652953049 -26.69677504595588 -26.97891758134065
-26.661666561544717 -26.69714958639706 -27.004748827053117
-26.656468612831166 -26.710113740808822 -26.99986065513524
-26.64651728939685 -26.69857421875 -26.984436633305567
-26.646968982084772 -26.718010110294117 -26.991060108168366
-26.640992339977856 -26.67924057904412 -26.982741143179144
-26.643228528790758 -26.696742876838236 -26.97790005757546
-26.635930105742474 -26.697179457720587 -26.981015410623286
-26.65273856967197 -26.692778033088235 -26.99680349005292
-26.636053419912997 -26.66971507352941 -26.97167203118875
-26.623127706635053 -26.65659122242647 -26.953201180296944
-26.6180332469088 -26.65954963235294 -26.953940014332616
-26.606317788348488 -26.651295955882354 -26.930217699554095
-26.601653971405195 -26.635508961397058 -26.93071880512544
-26.60473529476603 -26.641266084558822 -26.946319687745003
-26.595258933732755 -26.645044806985293 -26.940207654473735
-26.596677084966295 -26.63818129595588 -26.94092543365347
-26.584456581777122 -26.63428883272059 -26.93004696381321
-26.57781721211691 -26.626997931985294 -26.91227015753626
-26.575888275371337 -26.618234145220587 -26.908112397711683
-26.57807394441233 -26.62760684742647 -26.91659214523716
-26.569269649435647 -26.615932904411764 -26.90795123235986
-26.567309788466062 -26.610698529411764 -26.904428180737945
-26.56595440422186 -26.607822840073528 -26.905121459721677
-26.55996497908175 -26.60353515625 -26.905078584378675
-26.561059727229974 -26.611244255514706 -26.903649533883772
-26.55891340237498 -26.607717141544118 -26.902579181570953
-26.555867825580027 -26.60740923713235 -26.896623337049196
-26.39080595263756 -26.461090303308822 -26.767624062867505
-26.365101722326187 -26.449849494485296 -26.764190207271657
-26.35189240941958 -26.447663143382353 -26.76710802748922
-26.343264780554357 -26.447190946691176 -26.77022759150823
-26.337459063675734 -26.44747127757353 -26.772609087122696
-26.333274112934042 -26.44813419117647 -26.77468394747158
-26.329987572136112 -26.448662683823528 -26.776540985765386
-26.3270543635611 -26.44857192095588 -26.778100959182673
-26.32447999845685 -26.448450137867646 -26.779743620761465
-26.322506742093196 -26.448823529411765 -26.781599510608586
-26.320907714767205 -26.449515165441177 -26.78315489023912
-26.319520181577246 -26.450291819852943 -26.784492447814582
-26.318249685858873 -26.450916819852942 -26.78564280857997
