-49.0241128796729 -52.97702838302752 -50.245019730142566
-36.54592661138765 -39.66056240443425 -38.10518632255601
-30.58765769440776 -33.06998100630734 -31.768117123854378
-26.453544433792157 -28.51134843272171 -27.341369255982688
-23.885735838454895 -25.76317612767584 -24.851898628436864
-22.124058754063388 -23.83952718845566 -22.8400108197556
-21.093477387875865 -22.90615742068043 -21.790607895239308
-20.119662437144452 -21.87620950401376 -20.866986618508147
-19.620782646789923 -21.475665077886084 -20.55152113034623
-19.153508006145877 -20.70783459957951 -20.047620847123216
-18.854924716197683 -20.73201721378058 -19.775346868635438
-18.707979837020012 -20.632419784499234 -19.50850663505601
-18.370526502501523 -20.059498638188074 -19.225331355015275
-18.159533249949206 -19.787981412461775 -19.08134507064664
-18.30260699728261 -20.35588087729358 -19.268620322046843
-18.1214649707309 -19.991237815366972 -19.203160800661916
-18.138464737403496 -19.65529732893731 -18.748333280295316
-17.69175941563389 -19.378529959862384 -18.4642172384165
-17.563876949156846 -19.238974101681958 -18.34681294551935
-17.85961586689862 -19.633981687213304 -18.46017773039715
-17.611742400193013 -19.199654768730888 -18.45530685145112
-17.724856590943723 -19.40840918864679 -18.550128882382893
-17.56751475359356 -19.312967376242355 -18.454370067464357
-17.459328215473892 -18.97911291093272 -18.231111172988797
-17.373567298290837 -18.66956350344037 -17.987843686354378
-17.430685887342545 -19.3136408161315 -18.161140768202646
-17.458722278481815 -18.952436627962538 -18.099378659623216
-17.41483847235626 -18.951500382262996 -18.14720038823829
-17.355397521650243 -18.927689578555047 -17.94657148994399
-17.55511744939811 -18.944134353497706 -18.167399917260692
-17.37850764901209 -18.95954881020642 -17.90869041178717
-17.233342089724704 -18.6726544581422 -17.88461048879837
-17.20161432408066 -18.68452700926988 -17.886828140911405
-17.24466402440573 -18.691555571483182 -17.95386289142057
-17.07002957067757 -18.465541081326453 -17.772995958503056
-17.08925447925132 -18.441975164850916 -17.737503580066193
-17.13056473962566 -18.74456171158257 -17.872303016802444
-17.047914854543375 -18.484848349101682 -17.722934699592667
-17.04575776646942 -18.423525002389145 -17.68236857179226
-17.145270913754572 -18.541805535646024 -17.703886758528512
-17.07130057014425 -18.633938383983182 -17.79550264129328
-16.95992185119108 -18.518583058581804 -17.72072699210794
-16.891050187614283 -18.472518874235472 -17.51267343431772
-17.0407834880384 -18.442420142870795 -17.742386392566193
-16.99031234921018 -18.41983078889526 -17.657998265656822
-16.837912449842545 -18.292914994266056 -17.596486761710793
-16.858437920624237 -18.419079701834864 -17.55924015084012
-16.882093073826695 -18.31763217937691 -17.50981733706721
-16.823853878314203 -18.26012996941896 -17.549373090631363
-16.75152714375508 -18.184482212824925 -17.460171763620163
-16.805603944979175 -18.33439650229358 -17.583771559954176
-16.75400366816081 -18.270492880351682 -17.47011042515275
-16.743612463810443 -18.17408495795107 -17.375348061990834
-16.8035718537307 -18.218499139908257 -17.50302117808045
-16.737058265186917 -18.084583154147552 -17.52395859852342
-16.65937353178332 -18.071731054090215 -17.34312547734216
-16.724584574042563 -18.03695408065749 -17.40840002864053
-16.68746884999746 -18.08175052561162 -17.442856176807535
-16.562332742343052 -18.02284768014144 -17.29844227342159
-16.645760583858188 -18.002875931766056 -17.343435749745417
-16.67215078664669 -18.15425506498471 -17.31933792642566
-16.704168822696566 -18.047921743597094 -17.386078315936864
-16.64416320379165 -18.025757955848626 -17.36641778576884
-16.52041892586855 -17.939845840500766 -17.255614737143585
-16.525075553636732 -17.92426713016055 -17.276249840885946
-16.590784202305972 -18.11991112385321 -17.307549564027497
-16.526914792640188 -17.92792401328364 -17.223075913314663
-16.483172451175843 -17.846418374904435 -17.237426011965375
-16.52378927678027 -17.879963446100916 -17.213043772275967
-16.478958272488317 -17.833333333333332 -17.150052507637476
-16.485565842772246 -17.85797735091743 -17.186093829557027
-16.50298841616721 -17.88916762232416 -17.239470627545824
-16.464694150624744 -17.85547770928899 -17.2119975973778
-16.5091696083909 -17.934703208620032 -17.204131396384927
-16.473014177417717 -17.866257227159785 -17.163143616344197
-16.43672105152885 -17.786574804090215 -17.12392200229124
-16.422391455137646 -17.821880375573393 -17.101492887601832
-16.394850686331775 -17.852616709671253 -17.08425685781568
-16.465075093330963 -17.919859159977065 -17.211647546461304
-16.464966564341225 -17.84050524417049 -17.187163871563136
-16.380663745047745 -17.786093988914374 -17.06431787805499
-16.389142299560646 -17.884005578650612 -17.0878488575611
-16.42787365717696 -17.948493047591743 -17.178058569882893
-16.363387596505486 -17.81698711056957 -17.089422097759673
-16.34687710312119 -17.717313527331804 -17.07716037105397
-16.380273873996853 -17.71036559871942 -17.060618476323828
-16.353118016050384 -17.72108389478211 -17.00794575801935
-16.324873296868653 -17.70491237815367 -16.995781488671078
-16.295994069991874 -17.662890326357033 -16.96119606033605
-16.288018082080455 -17.630070957568808 -16.976492887601832
-16.305171416281492 -17.651449314315748 -16.970703125
-16.32292414002184 -17.66654720948012 -16.988714835794298
-16.312516864651055 -17.639575269973243 -16.998094609215887
-16.3017891609102 -17.628035705753057 -17.022560383783095
-16.293064184084212 -17.654674658352448 -16.988380696283095
-16.264531575388563 -17.63056969132263 -16.955459998727086
-16.256857563934883 -17.61455496225153 -16.939500859215887
-16.261187414287892 -17.639962012614678 -16.9526496467668
-16.261650894580455 -17.621717913799696 -16.960857942973522
-16.245809828639274 -17.621976239965598 -16.95370576629328
-15.14769704261479 -16.7167311735474 -16.036685733834013
-15.116970838835838 -16.724610868214832 -16.0522590217668
-15.106458407405526 -16.72938318281728 -16.062151938009166
-15.100933746127083 -16.73074200831422 -16.065992553462323
-15.09732729010057 -16.730388116399084 -16.067199831339103
-15.094564860257517 -16.729289110282874 -16.067272427125765
-15.092260950515543 -16.72782128010321 -16.066939282077392
-15.090150686649228 -16.726119015194953 -16.06660414810336
-15.088147761326697 -16.724177835913608 -16.06647884578666
-15.086196421995632 -16.72202163369648 -16.066421166942465
-15.084328017066234 -16.719748960722477 -16.066112883464868
-15.082571315649126 -16.717504658830276 -16.065083614434826
-15.08084199448903 -16.715400719132262 -16.06374606192719
-15.079224376841223 -16.713604381689603 -16.06248011074338
-15.077765882136326 -16.712148497228593 -16.061391173943484
-15.076371869920765 -16.71092854071101 -16.060392733261203
-15.075066149113674 -16.70991016819572 -16.059500700101832
-15.073793363978059 -16.709039623948776 -16.058693196283095
-15.07256383171221 -16.70827211152523 -16.057910554035132
-15.071395409005486 -16.707652427370032 -16.057184596168533
-15.070265080569383 -16.70712233610474 -16.05649245003819
-15.069150823153697 -16.706705729166668 -16.05582019316446
-15.068066723702255 -16.706401113340977 -16.055106168851832
-15.066958418516355 -16.70616369218272 -16.054307615198574
-15.06581360632111 -16.705999438551224 -16.05345138270112
-15.06461919221099 -16.705959121750766 -16.052428080448067
-15.063181133495023 -16.705959121750766 -16.051069644220977
-15.061130788741874 -16.705933737098626 -16.049137402940428
-15.05841895285199 -16.705911338876145 -16.046860083057535
-15.05662137945703 -16.706059167144495 -16.04544098459776
-15.05560632587109 -16.70626075114679 -16.044623536150713
-15.054735316245937 -16.706505638379205 -16.043823988034625
-15.05388494101737 -16.706722154529817 -16.042993611570775
