-41.408406640625 -41.291341796875 -41.555174479166666
-40.576580859375 -40.441263671875 -40.700489583333336
-40.41123098958333 -40.302396484375 -40.58671354166667
-40.299140755208334 -40.191369140625 -40.44954296875
-40.22600924479167 -40.1242265625 -40.37291666666667
-40.158647916666666 -40.1009375 -40.34050390625
-40.106460677083334 -40.048802734375 -40.29601953125
-40.062487890625 -40.0089765625 -40.25293229166667
-40.01756848958333 -39.96330859375 -40.21707421875
-40.000081380208336 -39.95288671875 -40.178940104166664
-39.95689114583333 -39.900630859375 -40.14884114583333
-39.91724505208333 -39.8956171875 -40.108561197916664
-39.917619140625 -39.90296484375 -40.14954296875
-39.88891158854167 -39.849869140625 -40.097375
-39.885311979166666 -39.840708984375 -40.138196614583336
-39.871673828125 -39.864638671875 -40.112440104166666
-39.85239296875 -39.8362265625 -40.08593359375
-39.81965208333333 -39.816 -40.06175
-39.8238765625 -39.844357421875 -40.07363932291667
-39.80545651041667 -39.7948828125 -40.04698307291667
-39.781061197916664 -39.81441015625 -40.044361979166666
-39.77847213541666 -39.799337890625 -40.04506901041667
-39.753994921875 -39.777083984375 -40.02253385416667
-39.74598372395833 -39.784896484375 -40.03893359375
-39.72950208333334 -39.776802734375 -40.016203125
-39.722430078125 -39.78329296875 -40.01480598958333
-39.70681484375 -39.74392578125 -39.98639583333333
-39.714848697916665 -39.792064453125 -40.01865234375
-39.69837942708333 -39.766658203125 -40.00582161458333
-39.67264609375 -39.751791015625 -39.972955729166664
-39.67591328125 -39.744232421875 -39.99187109375
-39.647230989583335 -39.708248046875 -39.961055989583336
-39.65385729166667 -39.70801171875 -39.973188802083335
-39.66465091145833 -39.7387109375 -39.975721354166666
-39.65390091145834 -39.750185546875 -39.966833333333334
-39.64679765625 -39.734201171875 -39.96887369791666
-39.635824479166665 -39.719197265625 -39.95974348958333
-39.619102734375 -39.71546875 -39.9409921875
-39.6156953125 -39.69289453125 -39.92323567708333
-39.602149348958335 -39.71044140625 -39.950041666666664
-39.59554088541667 -39.695650390625 -39.932545572916666
-39.59147278645833 -39.6837109375 -39.92995833333333
-39.58814739583333 -39.70405859375 -39.92591927083333
-39.570556640625 -39.65391796875 -39.9040234375
-39.580278255208334 -39.655890625 -39.90849609375
-39.56192057291667 -39.6428359375 -39.90269921875
-39.56274440104167 -39.657314453125 -39.89577864583333
-39.551303645833336 -39.6623515625 -39.903830729166664
-39.552503515625 -39.642404296875 -39.89825520833333
-39.53731171875 -39.64141015625 -39.88315755208333
-39.539523046875 -39.616326171875 -39.883134114583335
-39.533692447916664 -39.648154296875 -39.880977864583336
-39.53314114583333 -39.63608203125 -39.87514322916667
-39.521873046875 -39.64517578125 -39.861811197916666
-39.51343307291667 -39.622640625 -39.885571614583334
-39.509522395833336 -39.62393359375 -39.848009114583334
-39.507086197916664 -39.62328125 -39.862576822916665
-39.504194401041666 -39.62375390625 -39.876856770833335
-39.49254505208334 -39.612654296875 -39.86082942708333
-39.48872760416667 -39.626123046875 -39.847893229166665
-39.48586458333333 -39.59877734375 -39.84599869791667
-39.481598177083335 -39.591283203125 -39.84409114583333
-39.47052669270833 -39.611298828125 -39.848505208333336
-39.46978046875 -39.5866171875 -39.830263020833335
-39.465407421875 -39.590458984375 -39.84614192708333
-39.45767265625 -39.590982421875 -39.84233203125
-39.451364453125 -39.567970703125 -39.82833854166667
-39.447449479166664 -39.563279296875 -39.8320859375
-39.447573177083335 -39.576220703125 -39.817611979166664
-39.444921875 -39.58641796875 -39.819330729166666
-39.437414453125 -39.56612109375 -39.82726953125
-39.43572044270833 -39.551158203125 -39.81731510416667
-39.432752734375 -39.564373046875 -39.80589583333333
-39.427555859375 -39.55401953125 -39.808162760416664
-39.42265026041667 -39.55588671875 -39.81062760416667
-39.41748776041667 -39.5555625 -39.80287369791667
-39.418378385416666 -39.55426171875 -39.806486979166664
-39.41145377604167 -39.541787109375 -39.795953125
-39.41021796875 -39.554220703125 -39.79917578125
-39.409529166666665 -39.5523671875 -39.79972005208333
-39.40467825520833 -39.542650390625 -39.79049869791667
-39.400972135416666 -39.54528515625 -39.790203125
-39.398912760416664 -39.543625 -39.7895234375
-39.394431770833336 -39.535330078125 -39.793296875
-39.39097486979167 -39.5308046875 -39.780903645833334
-39.39099544270833 -39.5313515625 -39.781444010416664
-39.386734114583334 -39.532689453125 -39.78607682291667
-39.385032942708335 -39.532541015625 -39.77923828125
-39.38272786458333 -39.53353125 -39.77713020833333
-39.37959596354167 -39.5225234375 -39.77809375
-39.37804270833333 -39.5147578125 -39.77783854166667
-39.376784375 -39.521890625 -39.772795572916664
-39.373284895833336 -39.52032421875 -39.77059244791667
-39.37106927083333 -39.517392578125 -39.769091145833336
-39.369791796875 -39.5180625 -39.77171484375
-39.36803697916667 -39.520658203125 -39.770309895833336
-39.366590494791666 -39.5164296875 -39.76832942708333
-39.36454947916667 -39.516501953125 -39.7671875
-39.36349778645833 -39.513037109375 -39.76426822916667
-39.362575130208334 -39.514458984375 -39.76431901041666
-39.3414609375 -39.509431640625 -39.76352864583333
-39.33047838541667 -39.50931640625 -39.7651484375
-39.322480729166664 -39.5096796875 -39.7666796875
-39.316105859375 -39.510001953125 -39.768075520833335
-39.31077018229167 -39.510236328125 -39.76933984375
-39.3061484375 -39.51038671875 -39.77044140625
