-256.21898390718565 -257.726875 -265.0612215909091
-250.14889595808384 -252.77069444444444 -260.3275568181818
-247.22009730538923 -250.59317708333333 -258.09088541666665
-244.69583645209582 -249.07088541666667 -256.2022964015151
-242.32735778443114 -247.27831597222223 -254.56458333333333
-240.30217065868263 -246.09064236111112 -252.94718276515152
-238.69405875748504 -245.04131944444444 -252.14292140151514
-237.35452844311376 -244.43815972222222 -251.2530066287879
-236.16775823353294 -243.751875 -250.65572916666667
-235.24570546407185 -243.39090277777777 -249.99069602272726
-234.36359468562875 -242.85416666666666 -249.8383759469697
-233.49628555389222 -243.06173611111112 -249.48148674242424
-232.59910179640718 -242.69347222222223 -249.0410037878788
-231.90199288922156 -242.69440972222222 -249.15688920454545
-231.26684131736528 -242.4788888888889 -249.1924715909091
-230.67078031437126 -242.32635416666668 -248.9131865530303
-230.05958083832334 -242.55496527777777 -248.98357007575757
-229.63649887724551 -242.28435763888888 -248.63435132575756
-229.05887911676646 -242.4505034722222 -248.61901041666667
-228.35889782934132 -242.175625 -248.3895359848485
-228.0496631736527 -242.26965277777776 -248.5436553030303
-227.4337013473054 -242.73123263888888 -248.5946496212121
-227.20403255988023 -242.63833333333332 -248.79786931818182
-226.53324288922155 -242.80831597222223 -248.74464962121212
-226.10998315868264 -242.84401041666666 -248.6262547348485
-225.93856661676648 -242.9175 -248.61302083333334
-225.30244199101796 -242.76229166666667 -248.51429924242424
-225.02077095808383 -242.77847222222223 -248.8281013257576
-224.4755894461078 -242.99921875 -248.38373579545456
-224.30544535928144 -242.81163194444446 -248.70366950757577
-223.94487275449103 -243.15225694444445 -248.9348484848485
-223.54331961077844 -242.96553819444443 -248.6455965909091
-223.24495696107783 -242.89510416666667 -249.0238399621212
-223.00221744011975 -243.11340277777776 -248.64164299242424
-222.70974925149702 -243.06335069444444 -248.68832859848484
-222.46270583832336 -243.0923090277778 -248.67350852272727
-222.23093188622755 -242.9427951388889 -248.6285037878788
-221.99329154191616 -243.2514236111111 -248.68375946969698
-221.7706025449102 -243.27602430555555 -248.92717803030303
-221.46690681137724 -243.32711805555556 -248.97395833333334
-221.1289857784431 -243.40453125 -248.77703598484848
-219.58618076347307 -243.96987847222223 -249.20248579545455
-219.16420284431138 -244.44286458333335 -249.55627367424242
-218.8453873502994 -244.72982638888888 -249.7762784090909
-218.5711358532934 -244.9361111111111 -249.9388731060606
-218.32456025449102 -245.10324652777777 -250.07035984848486
