-58.12961536458333 -58.167671875 -58.23178125
-57.2076421875 -57.318333984375 -57.3677890625
-57.0044375 -57.118396484375 -57.172688802083336
-56.92329375 -57.041591796875 -57.11417317708333
-56.85291901041667 -57.019140625 -57.07419921875
-56.759616145833334 -56.933021484375 -56.98088671875
-56.6914109375 -56.883171875 -56.9618125
-56.64595234375 -56.8513203125 -56.91036588541667
-56.58691848958333 -56.815466796875 -56.87380208333333
-56.534996614583335 -56.778205078125 -56.82930078125
-56.50073020833333 -56.770697265625 -56.8100703125
-56.4615609375 -56.6936171875 -56.764084635416665
-56.43418776041667 -56.6830234375 -56.77067317708333
-56.4148515625 -56.73191015625 -56.757578125
-56.37154739583333 -56.650798828125 -56.708625
-56.31863020833333 -56.620205078125 -56.69252083333333
-56.281546875 -56.607876953125 -56.681610677083334
-56.244771354166666 -56.597015625 -56.65636197916667
-56.23921119791667 -56.579947265625 -56.67788932291667
-56.217626822916664 -56.553017578125 -56.660134114583336
-56.166410677083334 -56.515587890625 -56.60675520833333
-56.153975 -56.5296875 -56.627630208333336
-56.13234296875 -56.490369140625 -56.5969765625
-56.12060572916667 -56.498578125 -56.60604427083333
-56.08582734375 -56.48200390625 -56.61082161458334
-56.076065625 -56.48066796875 -56.572436197916666
-56.06029401041667 -56.44650390625 -56.54985807291666
-56.03950182291667 -56.466119140625 -56.54213541666667
-56.007473177083334 -56.4295078125 -56.514190104166666
-56.006865104166664 -56.451087890625 -56.53341015625
-55.98726223958333 -56.412990234375 -56.51042317708333
-55.97497369791667 -56.42955078125 -56.49441015625
-55.95812057291667 -56.409275390625 -56.48485286458333
-55.93935520833333 -56.385599609375 -56.462885416666666
-55.933918229166665 -56.423205078125 -56.48913802083333
-55.91769140625 -56.375341796875 -56.46873046875
-55.904966927083336 -56.396546875 -56.4637109375
-55.8844171875 -56.382125 -56.44818619791667
-55.872204947916664 -56.36320703125 -56.453907552083336
-55.857877083333335 -56.350447265625 -56.44655989583333
-55.85842005208333 -56.344263671875 -56.43783072916667
-55.84668229166667 -56.357169921875 -56.433571614583336
-55.830072135416664 -56.323744140625 -56.411204427083334
-55.81563203125 -56.331482421875 -56.40348828125
-55.81314270833333 -56.337939453125 -56.41468098958333
-55.79342890625 -56.313404296875 -56.407955729166666
-55.78662890625 -56.3145546875 -56.400171875
-55.77486666666667 -56.30497265625 -56.39275
-55.76909505208334 -56.3068359375 -56.376111979166666
-55.74827421875 -56.30214453125 -56.3833359375
-55.74616484375 -56.306490234375 -56.374868489583335
-55.73107317708333 -56.28422265625 -56.370817708333334
-55.7297515625 -56.301455078125 -56.3619296875
-55.7196015625 -56.29409375 -56.346671875
-55.71401744791667 -56.295080078125 -56.34056380208333
-55.70084270833333 -56.2869921875 -56.34044010416667
-55.692216145833335 -56.269208984375 -56.31797265625
-55.68992890625 -56.278716796875 -56.340063802083336
-55.67060260416667 -56.287517578125 -56.33455338541667
-55.67163255208333 -56.278525390625 -56.32810807291666
-55.66304791666666 -56.2484765625 -56.31912239583333
-55.6532265625 -56.256158203125 -56.30690104166667
-55.65250078125 -56.27381640625 -56.31780078125
-55.63985859375 -56.242990234375 -56.300891927083335
-55.63870651041667 -56.2494453125 -56.31706380208333
-55.62601614583333 -56.252822265625 -56.293122395833336
-55.61964453125 -56.25845703125 -56.300709635416666
-55.61737604166667 -56.24487890625 -56.29243098958333
-55.608023958333334 -56.24389453125 -56.298278645833335
-55.60197057291666 -56.2521484375 -56.29043619791667
-55.59484322916666 -56.245859375 -56.291727864583336
-55.59379895833333 -56.24465625 -56.28364973958333
-55.58743619791667 -56.242283203125 -56.270529947916664
-55.58085859375 -56.237935546875 -56.2733046875
-55.578646614583334 -56.2396015625 -56.28848828125
-55.57342552083333 -56.242888671875 -56.28958463541667
-55.56843619791667 -56.236978515625 -56.28594010416667
-55.56245546875 -56.2385546875 -56.27769401041667
-55.556593489583335 -56.2218671875 -56.274375
-55.55574765625 -56.23253125 -56.27068098958333
-55.549078125 -56.2283671875 -56.26713932291667
-55.54608828125 -56.22467578125 -56.26277213541667
-55.54284583333333 -56.21798046875 -56.260842447916666
-55.53978645833333 -56.22335546875 -56.26110026041667
-55.53490364583333 -56.2224609375 -56.261467447916665
-55.53189921875 -56.216115234375 -56.26802734375
-55.52758046875 -56.22403125 -56.26046223958333
-55.52715104166667 -56.219220703125 -56.26249088541667
-55.52368723958333 -56.218966796875 -56.265787760416664
-55.51842890625 -56.213666015625 -56.25297135416667
-55.51609895833333 -56.2130546875 -56.25748307291666
-55.513875 -56.217830078125 -56.2580546875
-55.51012864583333 -56.214609375 -56.25554296875
-55.50819270833333 -56.21090625 -56.25533203125
-55.506517708333334 -56.205529296875 -56.25269921875
-55.50507265625 -56.21073828125 -56.2530234375
-55.501729166666664 -56.2099453125 -56.24997135416667
-55.50021875 -56.204455078125 -56.24945703125
-55.49910755208333 -56.208388671875 -56.24939583333333
-55.496853385416664 -56.20937109375 -56.25266796875
-55.474062760416665 -56.221310546875 -56.261731770833336
-55.46043828125 -56.231271484375 -56.27087369791667
-55.45015572916667 -56.239416015625 -56.27833723958334
-55.44180677083333 -56.246103515625 -56.28454166666667
-55.43474453125 -56.25166796875 -56.28969010416667
