-34.82033943965517 -35.144019797508626 -36.292205020845316
-34.216161548132185 -34.683368357015745 -35.593550082662446
-33.71850462464081 -34.21514708261432 -35.081152961472114
-33.31358331088362 -33.959525739457504 -34.7964291169494
-33.05026715158046 -33.7111173930921 -34.519075258769405
-33.07235048491379 -33.72656966202006 -34.56019084243818
-33.03712419181034 -33.669812338222606 -34.4892179413456
-32.97976270653736 -33.61554866129206 -34.467268590066126
-32.86936804058908 -33.593396533245254 -34.364959207878094
-32.80053318067529 -33.45442027239269 -34.336816911659
-32.88809918283046 -33.557116267391066 -34.398118530764805
-32.68276558010057 -33.369958780468075 -34.195620237924096
-32.75515310704023 -33.47680937904443 -34.27697311673376
-32.69015333153736 -33.44705118569349 -34.26707833165612
-32.78701284123563 -33.49611291893604 -34.29744779686602
-32.64635416666667 -33.41927244829864 -34.25292575654112
-32.58567371587644 -33.26725457021139 -34.16330438650086
-32.65008463541667 -33.450843685963115 -34.28263482065842
-32.5489181483477 -33.28378914675906 -34.113255417984476
-32.624789197198275 -33.38554502130069 -34.1867463790253
-32.50220119432471 -33.28018833584987 -34.16591678946234
-32.53836644665948 -33.26235574849008 -34.13482964347326
-32.497979076867814 -33.2855910267472 -34.15846369141748
-32.47125269396552 -33.24063797589517 -34.119497780692924
-32.43639839260057 -33.25140523046538 -34.139024538168485
-32.383775592672414 -33.17536838060828 -34.086178973188616
-32.40116042564655 -33.21981124285483 -34.11387314009488
-32.325299928160916 -33.152289402906604 -33.974793568502015
-32.42554227280891 -33.232833269858176 -34.1322868746406
-32.29419293283046 -33.04776646084987 -33.959995192998846
-32.2821484375 -33.10092423762403 -33.976552391820015
-32.29217515265805 -33.13036898727351 -33.98595861486486
-32.3211935389727 -33.13642089422455 -34.01969971966648
-32.246135506465514 -33.064385296457075 -33.937379824971245
-32.22548199533046 -33.092680331239215 -33.95435145917194
-32.238907821479884 -33.081117881794654 -33.945377641604374
-32.268607668821836 -33.06770131174504 -33.957080667768835
-32.160145698635056 -33.037561003559105 -33.920368881181716
-32.247557022270115 -33.08268594289258 -33.95927863535078
-32.219492299748566 -33.037580383142796 -33.91998140094882
-32.1546993983477 -33.02250222443917 -33.9102359923088
-32.14525368175288 -33.02754597174288 -33.860851917409434
-32.13535302173132 -33.01719558886972 -33.87653307396492
-32.13911458333333 -32.9663987509437 -33.88274848152674
-32.123694773706895 -32.9824395694025 -33.82832154794422
-32.08297110721983 -32.9631080133736 -33.770786910580796
-32.027760416666666 -32.99543905710742 -33.7910953673088
-32.062335780352015 -32.98944823797455 -33.79688173878666
-32.076076014727015 -32.98408725531169 -33.8090508643617
-32.02212520204741 -32.977458173802844 -33.765233027242665
-32.0020248518319 -32.9594907719478 -33.76173222757332
-31.988673334231322 -32.91127521031061 -33.773367865871194
-31.973231860632183 -32.88614410321398 -33.738019560451406
-32.012566900143675 -32.887157318404874 -33.762986765023
-31.963231187140806 -32.931095047589515 -33.752735947383556
-31.99227224766523 -32.92268515085742 -33.7527415630391
-31.933884024784483 -32.89081584676985 -33.72385126150086
-31.921713698814656 -32.88915236228699 -33.734508652602074
-31.919347948096263 -32.89013798263589 -33.7025533262651
-31.913191563397987 -32.87825113581212 -33.6772323353939
-31.905415993175286 -32.857403338006904 -33.70694252264232
-31.86852303340517 -32.86691365805651 -33.7090877030621
-31.874739358836205 -32.829522015207075 -33.689728292121906
-31.87436007094109 -32.85892568856504 -33.672099626221964
-31.828216594827587 -32.81990868845718 -33.6392884739793
-31.847622687679596 -32.8589768759437 -33.703704535652676
-31.844260843211206 -32.84671212723792 -33.69893796722254
-31.833983701508622 -32.8521409384437 -33.67121459890742
-31.792607870869254 -32.80848168545082 -33.639399663959175
-31.791418597341956 -32.83810169394413 -33.66652328026164
-31.775656429597703 -32.799615104616045 -33.65801780836688
-31.776229570761494 -32.804588495605046 -33.644098844522716
-31.779808279454024 -32.81184488581212 -33.631273810379525
-31.753931505926722 -32.75941616055058 -33.61275337837838
-31.74535717492816 -32.77095607069672 -33.63013720169638
-31.753417744252875 -32.77280766352998 -33.610545302616444
-31.72021170079023 -32.75934306581644 -33.6041434552904
-31.718894463900863 -32.78813691423102 -33.604469163312245
-31.765926050646552 -32.793395100841245 -33.6092031609402
-31.71279813218391 -32.76540592644521 -33.60237789318574
-31.70809424389368 -32.77858025169866 -33.601108755031625
-31.726042676903734 -32.77968573055975 -33.5965140256613
-31.693030711206898 -32.76421703111519 -33.5788786209747
-31.685694145114944 -32.77018636418788 -33.58914066992524
-31.68006970635776 -32.760005973967324 -33.57536995938758
-31.657906115301724 -32.72535675285807 -33.56271002551754
-31.6545452810704 -32.746529158690144 -33.56342321377228
-31.65036368534483 -32.75724501523404 -33.56376127623634
-31.65655138739224 -32.75649089665121 -33.572394785077634
-31.646231815732758 -32.746551487340916 -33.57229482640886
-31.646577653556033 -32.73519778971635 -33.550013028320876
-31.64105401400862 -32.728461277906604 -33.554878432288675
-31.632310412176725 -32.72530451224116 -33.558695954931
-31.631382677801724 -32.73634708328839 -33.55976517574756
-31.621928991558907 -32.731838802308026 -33.56062437104658
-31.61922739313937 -32.7348637025453 -33.548278913887295
-31.609318426724137 -32.739824454675365 -33.54674696305348
-31.60977684985632 -32.73828967590595 -33.548468723044856
-31.608725193067528 -32.73297250795405 -33.548232865511785
-31.603044293283045 -32.72635732919004 -33.547120965713056
-31.423779745869254 -32.83373707466027 -33.642658990439905
-31.357328259698274 -32.91525939994068 -33.72457792732892
-31.317768386314654 -32.969631771058026 -33.781023127515816
-31.290077227011494 -33.007365084393875 -33.81965883769408
-31.268614628232758 -33.0354098697692 -33.847235075833815
