-154.22743468714026 -136.80524375664186 -169.88304704104675
-151.02136318024716 -133.8590927205101 -167.07306680061106
-150.44609708793612 -133.07614281681722 -166.43675071400105
-148.94659341136378 -132.06535807983528 -164.86714391272582
-149.32428280637757 -131.59607257903826 -166.50287883568012
-148.84918607973412 -130.92997808182784 -166.37961402430923
-148.77330979800126 -130.1259568444474 -166.58118441153027
-146.76737797854588 -129.553612347237 -163.73538165847503
-147.7277049648427 -130.13151318411263 -164.8981157844049
-147.25901333548714 -129.48810897648778 -164.5858710812965
-146.40303615555544 -129.75406191883636 -162.8686964499203
-146.23684265142123 -128.55405652231667 -163.98853447130713
-146.04685048432935 -129.64801615634963 -162.86603139944208
-145.78868529592447 -128.84204594513815 -162.62730182319342
-145.62725548493813 -128.7722917773645 -162.43726545895325
-145.38571304541532 -128.62318178799148 -162.5512108959883
-145.00636905881962 -128.4751095908608 -161.83622600624335
-144.919598047636 -127.59119910666844 -162.31875996280553
-144.30972845370889 -127.78872002856004 -161.41105290249735
-144.3984446774274 -127.25747625531349 -161.65354758900105
-144.97424799585474 -127.83967770324124 -162.5786106867694
-144.3134985703948 -127.50079079768862 -161.09508460082358
-143.86511672572334 -127.33991847104144 -161.4482349229543
-144.47659769533672 -127.48470709351753 -162.07616149707758
-143.95810282693787 -126.9096975458289 -161.48078008767268
-143.77332586073786 -126.33596240701381 -161.6910284936238
-143.41520020871613 -126.53033674282678 -160.71160998937302
-142.97888227912202 -126.37202776301807 -160.27597386424017
-142.8741608030832 -126.6912983196068 -159.78866398777896
-143.0647518097494 -126.2676860553932 -160.24569731336345
-143.04565189719295 -126.63274608129649 -160.21724935241764
-142.43276596778702 -125.79044276368225 -159.33672829768864
-142.64777242055365 -126.21695669500531 -159.69370807319342
-142.42967718785283 -126.34466118158873 -159.122575717322
-142.41531666896114 -126.09673884165781 -159.49900164386293
-142.0818091821261 -125.57534579237513 -159.12220626328374
-141.87693933223292 -125.67528518530818 -158.96598117029757
-141.13308617184734 -125.00295148113709 -158.0285413622476
-141.64844787700346 -125.1007405685441 -159.10727865967056
-141.2023143398427 -124.91513765276302 -158.42560897648778
-140.9545145023812 -124.72224735985654 -157.96526924481935
-141.43688088203146 -125.26783549747609 -158.19744620085015
-140.6533608692885 -124.77143248538789 -157.31605547622212
-141.10762796661234 -124.65451688695536 -158.54726936105206
-140.79168018559616 -124.33360454303931 -157.91349586543572
-140.31297182937578 -123.95086676408077 -157.38624344115303
-140.53309916039666 -124.09369395921891 -157.941474744288
-139.93737551919608 -123.90307850690755 -156.79937607930393
-139.67114467514446 -123.87850773777896 -156.48031100557918
-139.7807028292554 -123.79670480207227 -156.7215790216525
-139.6594011068112 -123.61444150172689 -156.49449139877788
-139.88562657038653 -123.74930260361317 -157.04353746014877
-139.49599776271805 -123.35719356070669 -156.76952709883102
-139.4481289052123 -123.62589457691286 -156.3191792308714
-139.2859696773582 -123.26380056123804 -155.9995558249203
-138.86670038616288 -123.39446898246547 -155.63237040050478
-139.24049293533605 -123.33294865834219 -156.36521361915516
-138.67215468186183 -123.11034844912328 -155.33114497542508
-139.10681866843674 -122.79476620616366 -156.80026442946334
-138.5108772398762 -122.86228704503188 -155.3004055692083
-138.41225171289736 -122.63975117893199 -155.29054031615303
-138.42103329530738 -122.50885236782678 -155.72529224229544
-138.2443189581281 -122.51546933116366 -155.13470128188098
-138.0426084950301 -122.49104592853348 -155.02979916644526
-138.17768099828848 -122.28173983793836 -155.17790664851222
-138.07613987923935 -122.38035085680127 -154.96942871612646
-137.69305416138593 -122.15468085812965 -154.2748364439426
-137.6922090841672 -122.06140409139213 -154.6181713270457
-137.8164957516548 -122.39882148312965 -154.6223992926408
-137.75509519517067 -122.07634829968119 -154.7446263117694
-137.55374271707308 -121.86431489107332 -154.43584368358128
-137.47094702781868 -121.82652887553135 -154.42667790249735
-137.3157190761838 -121.79903775903294 -154.12725200916577
-137.3269110203085 -121.83424797422954 -154.06654738974495
-137.00495839167516 -121.66898578639744 -153.7098083820404
-137.05505752664814 -121.51770058448459 -153.85633426873008
-136.98636954653878 -121.39282304396919 -154.02935914253453
-136.76990183873582 -121.32235279954836 -153.46003877191816
-136.7087713437666 -121.27798718119023 -153.5804019161796
-136.76101512430958 -121.32816236052072 -153.58049116631244
-136.58496035379355 -121.26229576248672 -153.41663414917642
-136.61560781741179 -121.13229567946334 -153.49088610852817
-136.37789064402452 -121.1400064758236 -152.99535069075452
-136.25247547741134 -120.97458861915516 -153.09669317879914
-136.3942743326895 -120.89537393730075 -153.24761100225822
-136.25086734453865 -120.9125680791711 -153.0865809311902
-136.0759281451314 -120.76073907412328 -152.90172315023912
-136.06507518311952 -120.93543479343784 -152.67623787858662
-136.07326045534984 -120.78539701780021 -152.70625083023378
-135.97918783863622 -120.58298394327842 -152.8091188728746
-135.90522375759596 -120.50343716790648 -152.79722162260893
-135.8622719134641 -120.62673103746015 -152.52761980273644
-135.73006309564 -120.53476396453242 -152.47233868557385
-135.62687542718663 -120.47284305260361 -152.41184992693942
-135.5759903639146 -120.50475723963868 -152.31121106203506
-135.57653208673239 -120.458042059644 -152.27400828573326
-135.4941284968772 -120.36864456030818 -152.21177396054728
-135.50436688085955 -120.35659164120617 -152.25858461742826
-135.46004585597825 -120.32510087340596 -152.235317315356
-135.4284489614003 -120.34034811702976 -152.1904224229543
-134.76540812062782 -119.8983295696068 -151.84137760693412
-134.57994209977974 -119.8411513682253 -151.8184133401966
-134.43210374201664 -119.81039950850159 -151.80406482465463
-134.3628710989385 -119.79293554064824 -151.80990759497874
-134.31750152109575 -119.78604875132838 -151.8153290216525
-134.27631720493338 -119.78083903427205 -151.81708289054197
-134.20756860582884 -119.77632256243358 -151.82511540249735
-134.18166687017123 -119.77210705034538 -151.82928732731136
-134.1591249920443 -119.76806796293836 -151.83295280951117
-134.13903919930348 -119.76417831761424 -151.83624261091924
-134.12101752226212 -119.76060416113178 -151.83928749335814
-134.10455016900679 -119.7572064293305 -151.84223274774178
-134.08933895201952 -119.75408890143464 -151.84490194938894
-134.07496306219144 -119.7510377922423 -151.84752548817747
-134.0615974168871 -119.74812574721041 -151.85015525371944
-134.0488311948635 -119.74529672555792 -151.85288672290116
-134.03704888571738 -119.74266488443146 -151.85536704636024
-134.02598922676796 -119.74012021785335 -151.85755678799148
-134.01546973408583 -119.73777688297024 -151.85972577377788
-134.00543981977913 -119.73556430990968 -151.8618823060574
-133.99575353561804 -119.73336834152498 -151.86410940820934
-133.98650760392223 -119.73125124535069 -151.86624103347503
-133.9775384571748 -119.72923585281616 -151.86845775770456
-133.96889659679255 -119.727303483661 -151.87052088868225
-133.96058943800915 -119.72547281814559 -151.87262760693412
-133.95249619682824 -119.7237334783475 -151.87477583687567
-133.9446659910661 -119.72212697595643 -151.87680990967056
-133.9371390964674 -119.72058066551541 -151.87893323259829
-133.92977047279012 -119.71912983196069 -151.88105240435706
-133.92269482651034 -119.71768937632838 -151.88305949455366
-133.91582049409757 -119.71626344978746 -151.88505828241233
-133.90914397331312 -119.71492884896386 -151.88687026766738
-133.9026363814974 -119.7136585912593 -151.88851413057918
-133.89630749032864 -119.71237380446334 -151.89009780154092
-133.89023437067624 -119.71112222701913 -151.89165864107332
-133.88437640089546 -119.70985404489905 -151.89320495151435
-133.8786821499629 -119.70866681057386 -151.89468691883636
-133.8731684805092 -119.7074754250797 -151.8961605838204
-133.86778115107256 -119.70632347569075 -151.89754292308714
-133.8625366567647 -119.70517567747078 -151.89893356469182
-133.85737139520194 -119.70417317016472 -151.9002266538257
-133.85229392741218 -119.70316028493623 -151.9013869055526
-133.84737961638294 -119.70228231269925 -151.90267584351753
-133.84253001029398 -119.70147491033475 -151.90385685108927
-133.8378182454009 -119.7007401534272 -151.90495483528161
-133.83315853847517 -119.70016314094049 -151.9061545231137
-133.8285543917554 -119.69957159936239 -151.90726288522848
-133.82410049539814 -119.69912949986717 -151.90833181123804
-133.81971638438912 -119.69869985387885 -151.9094401733528
-133.8154987378105 -119.69830964399574 -151.9105464598831
-133.81137106849928 -119.6978986782678 -151.91152198459085
-133.8073396026576 -119.69762054994686 -151.912379200983
-133.8033758251447 -119.69735487513283 -151.9133464233528
-133.7994676078378 -119.69716807252922 -151.91427213403296
-133.7956633335155 -119.69704146187567 -151.9150587805526
-133.79185343831634 -119.69690239771519 -151.9159492062965
-133.78811940333614 -119.69683182784271 -151.91674830632306
-133.7844690329463 -119.69678408939957 -151.91753495284271
-133.78081245797313 -119.6967135195271 -151.91842330300213
-133.77725247560713 -119.69680069407545 -151.91914560640276
-133.77378020053905 -119.69690447329968 -151.92005678799148
-133.77037273850505 -119.69703108395323 -151.9209451381509
-133.76700622239716 -119.69719713071201 -151.92177537194473
