-103.65389141916718 -100.45455671377219 -95.36095271915585
-98.38760919798683 -95.81077590526773 -91.16024249188311
-96.29550853012094 -93.88875217660392 -89.27849025974027
-95.14490560892528 -92.86931613076058 -88.1371677150974
-94.4844946034905 -92.070584427058 -87.57260805600649
-93.90371919014085 -91.89009640467306 -87.33369521103896
-93.78282876607472 -91.63098322649411 -87.1556640625
-93.4509350600888 -91.66311247710588 -87.1236531047078
-93.13718400757807 -91.26662906691259 -86.85663301542208
-92.91951163502756 -91.0859150571118 -86.42370890827922
-92.82678663694121 -91.20992834187668 -86.65228033685065
-92.69575682696724 -90.9932568620615 -86.65931158685065
-92.62125162660747 -90.83717794455443 -86.80308695211039
-92.4032623048071 -90.70693554117521 -86.4979885349026
-92.16764940868035 -90.5927110961439 -86.35973011363636
-91.98882424984691 -90.56149838221212 -86.11930296266233
-91.93630097500765 -90.38823373401212 -86.40771103896104
-91.98316760276332 -90.21848754289086 -86.09868354301948
-91.78374014467238 -90.37395159650869 -86.07976105925324
-91.88370414402173 -90.36641969198382 -86.18784243100649
-91.52381963315217 -90.13223753457868 -85.95244774756493
-91.62877528417789 -90.02979067791297 -85.84344308035715
-91.43754126320422 -90.16849247676389 -85.84248681006494
-91.39914973878598 -89.96119779000486 -85.67933492288961
-91.38048681012707 -90.18464215349131 -85.65989752435065
-91.24501672056797 -89.8583400444298 -85.76612723214286
-91.30152039957134 -89.81470584498305 -85.67513189935065
-91.11248469075322 -89.69358133991405 -85.63135653409091
-91.01195855499847 -89.70095430366725 -85.76625913149351
-90.89710750918555 -89.6186018175652 -85.58823812905844
-90.96491551209431 -89.65984403855143 -85.60139001623376
-90.8695777757578 -89.64560867190825 -85.41869926948051
-90.74580909369259 -89.50131427453186 -85.39085582386363
-90.81956139007961 -89.38961504034495 -85.38778916396105
-90.72013620445499 -89.34248078936268 -85.36256341314935
-90.68747787335425 -89.54577357666966 -85.29945718344156
-90.55542425750153 -89.3676719962391 -85.25948660714286
-90.57111563743877 -89.32483946210216 -85.19268973214285
-90.4804813083665 -89.32998277241154 -85.25069247159091
-90.36632635486833 -89.20490172864862 -85.02276024756493
-90.4062159130052 -89.17325215024243 -85.22470576298701
-90.36406883898499 -89.23320722765496 -85.05279525162338
-90.4150163378368 -89.2221546692607 -85.2537692775974
-90.29042418573944 -89.05571191691239 -85.01463829139611
-90.23609908431568 -89.08707080648104 -85.05650872564935
-90.09843905484537 -89.024930872342 -84.98966619318182
-90.13170198159064 -89.14071481608231 -84.88743405032467
-90.08952919281997 -89.14296363207153 -84.96598518668831
-90.09007279068432 -89.10340994155824 -84.97428469967532
-89.97348510218922 -88.92377480087578 -84.91654068587663
-89.90439435184476 -88.83904860084623 -84.92382305194805
-89.89037562672229 -88.91575622558594 -84.71729657061688
-89.92137565542713 -88.7814681353736 -84.79877739448052
-89.87221563074097 -88.85179426141286 -84.68630529626624
-89.80206818355786 -88.79999174125463 -84.61598011363637
-89.78718831330373 -88.8094405831066 -84.78945058847403
-89.6969480777327 -88.63437863361047 -84.62697088068182
-89.70466250287048 -88.67641443037337 -84.56152090097403
-89.65544207842161 -88.6006187706142 -84.57224279626624
-89.58595484250613 -88.63435547824963 -84.57118506493507
-89.57973127487753 -88.59512863456044 -84.59588321834416
-89.55471799889008 -88.54310086914538 -84.72792715097403
-89.56282831158144 -88.59482417125183 -84.6188971185065
-89.50401329512401 -88.53486605098739 -84.5341999797078
-89.47837269882885 -88.51975211651873 -84.59564732142857
-89.45614678218769 -88.45289288235082 -84.60235896915584
-89.40605265424067 -88.45881358937066 -84.57444957386363
-89.38521712817666 -88.49440345318865 -84.49469105113636
-89.35806892988364 -88.44995007347968 -84.48596286525974
-89.29951524705297 -88.39775198257387 -84.48650060876624
-89.3718950933864 -88.44038527670537 -84.68940239448052
-89.29452299735915 -88.44309145560061 -84.64369673295455
-89.26935722692131 -88.41055526436534 -84.60696530032467
-89.23595735417942 -88.45524715913409 -84.54101816152597
-89.20249289555267 -88.36692145084129 -84.5298143262987
-89.16446257367575 -88.29522521022693 -84.41026532061689
-89.17471917100428 -88.37890589376367 -84.47986759334415
-89.15627691078537 -88.39452537210072 -84.38498883928571
-89.13154171291335 -88.32769585397921 -84.4075385551948
-89.10708937729639 -88.31779239520952 -84.48543526785714
-89.09493586860839 -88.33746231019728 -84.44575639204545
-89.07149119239897 -88.27459416964639 -84.3896864853896
-89.0478207646012 -88.25265122944279 -84.34494977678571
-89.0435661694351 -88.26068198356184 -84.3768161525974
-89.02137134970147 -88.24739318135184 -84.35581625405844
-89.00623313590783 -88.25528147062903 -84.38744673295454
-88.98229300223898 -88.18135884207047 -84.36527749594156
-88.96682677587263 -88.2031372604667 -84.32969257305194
-88.95848204033986 -88.18942643696232 -84.2898133116883
-88.93465164287355 -88.2020519271435 -84.32457640016234
-88.93117955354408 -88.19729121464236 -84.35184151785714
-88.91785512668402 -88.16387832582228 -84.32663605925325
-88.89967420009185 -88.13706269616746 -84.31365411931819
-88.88997136692437 -88.1509457005601 -84.25644784902597
-88.88087492345376 -88.1492428018889 -84.29289772727273
-88.8728351768218 -88.16760800135275 -84.29430042613636
-88.86206308844918 -88.14464625495881 -84.27515472808442
-88.8548689384951 -88.12563741067969 -84.28369521103896
-88.85035510276332 -88.13607229982368 -84.33008573457792
-88.84423618818892 -88.13164790409549 -84.30210785308442
-88.47519244201622 -88.15097179487057 -84.39450334821429
-88.37578818700246 -88.23639996599131 -84.51359324269481
-88.32303646949633 -88.2924352267373 -84.59149502840908
-88.28937825321495 -88.32811894398255 -84.64318181818182
-88.26516213449173 -88.351153867254 -84.6787109375
