-157.45796635301463 -166.70726926523298 -163.5330026849642
-153.076920932929 -163.16572860663084 -159.6797620823389
-149.64674288708525 -160.29177867383513 -156.8149052804296
-147.12688414199073 -158.3805163530466 -154.62123359188544
-145.3671930743846 -157.06084789426524 -153.66660762231504
-144.01837038440956 -156.04190468189964 -152.59977252386633
-142.88866002943274 -155.5034442204301 -151.99393086217185
-142.3367234882269 -155.30870575716847 -151.74835918854416
-141.57757871031038 -155.04751904121864 -151.5377106951074
-140.92897119158044 -154.60572076612902 -151.25543518794748
-140.53431312433108 -154.58064516129033 -151.33768086217185
-140.05842233767393 -154.50578237007167 -151.08301946599045
-139.5218571619693 -154.25296818996415 -151.10339909009548
-139.3069144666429 -154.32752296146953 -151.12708830548925
-139.05882369336425 -154.342041890681 -151.09161508054893
-138.653016856939 -154.22156418010752 -150.89711366348448
-138.31159416250446 -154.25782650089604 -150.85099380966588
-138.23223722351054 -154.4739723342294 -151.0007737917661
-137.9242329646807 -154.12350190412187 -150.9605645883055
-137.45350963253657 -154.17908546146953 -150.76926088902147
-137.49095556100607 -154.19788866487454 -150.8294022225537
-137.1878734837674 -154.2759996639785 -150.81250932279235
-136.88052978951123 -154.1792254704301 -150.80133129474942
-136.75108979218695 -154.21701388888889 -150.85694175119332
-136.61134554495183 -154.34244791666666 -150.84457972852027
-136.25477724759187 -154.08746359767025 -150.72740155131265
-136.448687789868 -154.41231238799284 -150.98650991945107
-136.1515786657153 -154.18441980286738 -151.01535463902147
-136.07475528451658 -154.3421398969534 -150.9585881563246
-135.81889381912237 -154.27483758960574 -150.91262678997614
-135.48944768997504 -154.26614303315412 -150.86229303400955
-135.33425124866216 -154.27644769265234 -150.82332376193318
-135.22895112379592 -154.28465221774192 -150.84319063245823
-135.29305933374957 -154.27907986111111 -150.74608442720765
-135.02151991170174 -154.25809251792114 -150.90472106205252
-134.98023601944345 -154.20262096774192 -150.91155466885442
-134.95578676864073 -154.18807403673836 -150.72359785202863
-134.89687109793078 -154.3366515456989 -150.82967258353221
-134.84068687566892 -154.26918122759858 -150.9306663931981
-134.47552845165893 -154.22855062724014 -150.88291505071598
-134.4029583259008 -154.10647681451613 -150.79046091885442
-134.3901595388869 -154.3111839157706 -151.0129680041766
-134.10639549143775 -154.274655577957 -150.92612619331743
-134.36402961113095 -154.3646253360215 -151.11936903341288
-134.03783334819835 -154.18104558691758 -150.80192795346062
-133.95713855690332 -154.38538866487454 -150.92551088902147
-133.88763155547628 -154.27772177419354 -150.96477849045345
-133.75681468515876 -154.03743839605735 -150.7567869928401
-133.61758606849804 -154.16887880824373 -150.91699917959428
-133.62389627185158 -154.16441252240142 -150.90881376789977
-133.36252731448448 -154.2278785842294 -150.87098187649164
-133.54087974937568 -154.23643313172042 -150.92671352923628
-133.47479542008563 -154.2306927643369 -150.88254213902147
-133.2802716955048 -154.18814404121864 -150.92323612768496
-133.13537392971816 -154.2426495295699 -150.8594495823389
-132.96202171780234 -154.26124271953404 -150.82240080548925
-132.95267347484838 -154.20438508064515 -150.80931160501194
-133.00742508027113 -154.1440692204301 -150.86051238066827
-132.87503902069213 -154.19224630376345 -150.79658599343676
-132.76754258829826 -154.22859262992833 -150.88486351431982
-132.77245640831254 -154.2163278449821 -150.80419339200478
-132.66357474134855 -154.30057123655914 -150.89606951073986
-132.56262542365323 -154.2922827060932 -150.95824321300717
-132.56663340617195 -154.26640905017922 -150.8766314886635
-132.53246521584018 -154.24666778673836 -150.85846136634845
-132.4705477390296 -154.31062387992833 -150.90431085918854
-132.52964736443096 -154.15892417114696 -150.8128729116945
-132.33738962718516 -154.13935091845877 -150.77881675119332
-132.3075165001784 -154.23731518817203 -150.83534084128877
-132.23560136460935 -154.24605174731184 -150.84833681384248
-132.2276745897253 -154.23605510752688 -150.8971323090692
-132.2091843560471 -154.20085685483872 -150.85158114558473
-132.1146929628969 -154.2398913530466 -150.89261075477327
-132.05353917677488 -154.27620967741936 -150.9626156026253
-132.02157565554762 -154.2088373655914 -150.9195909158711
-131.94450421423474 -154.29824708781362 -150.9374254176611
-131.93097239564753 -154.3450660842294 -150.96143160799522
-131.91473978772743 -154.33658154121864 -151.00451223150358
-131.86476264270425 -154.26366487455198 -150.9426368585919
-131.8864135524438 -154.3154541890681 -150.9316173180191
-131.905377608812 -154.27291946684588 -150.87027334427208
-131.82547159293614 -154.28414818548387 -150.9475965841289
-131.7791317338566 -154.2953068996416 -150.95341400656324
-131.75891622814842 -154.30680163530465 -150.97248843973748
-131.71605199785944 -154.32764896953404 -150.96988738066827
-130.75811630396004 -155.61725750448028 -152.1534718078759
-130.51355690331786 -156.12809419802866 -152.63578647076372
-130.37627095968605 -156.40336581541217 -152.89625596658712
-130.27835132001428 -156.58240927419354 -153.06498918556085
-130.19968839190153 -156.71186155913978 -153.18532778937947
