-99.72260009765625 -99.780849609375 -99.57245171532462
-97.94894775390625 -98.195849609375 -97.94661677908938
-96.1699951171875 -96.51677734375 -96.27163176512437
-94.4201318359375 -94.83498046875 -94.57023839323355
-93.141640625 -93.627099609375 -93.29105185497471
-92.143427734375 -92.658671875 -92.36732336240514
-91.0306787109375 -91.573369140625 -91.30001300985455
-89.3063623046875 -89.88146484375 -89.70482039813449
-86.8560888671875 -87.439375 -87.37597985613407
-84.21837890625 -84.851015625 -84.8340667158516
-82.13440185546875 -82.75607421875 -82.81119983795321
-80.809248046875 -81.4881640625 -81.59486818876475
-80.06527099609374 -80.817939453125 -80.89091731002318
-79.60365966796876 -80.4660009765625 -80.48839323355818
-79.27444580078125 -80.1309912109375 -80.26700338585582
-79.04319580078125 -79.9917919921875 -80.10752974151559
-78.822138671875 -79.8766650390625 -79.94027653351603
-78.65596923828124 -79.737900390625 -79.90669464059864
-78.513779296875 -79.683232421875 -79.8097860455312
-78.4055517578125 -79.6651025390625 -79.75561564607926
-78.27500732421875 -79.5871142578125 -79.7157634973124
-78.15908935546875 -79.5364208984375 -79.69088173877529
-78.0776513671875 -79.49025390625 -79.63758497575886
-78.00439453125 -79.521904296875 -79.59765295636593
-77.9250927734375 -79.5831298828125 -79.61431792132167
-77.87230712890624 -79.502783203125 -79.58655670320405
-77.82640380859375 -79.4520263671875 -79.57971500184443
-77.7455908203125 -79.5373388671875 -79.57432002924747
-77.69406982421874 -79.4673486328125 -79.53445305912732
-77.64541259765625 -79.49146484375 -79.5807047388807
-77.6206396484375 -79.5029638671875 -79.56196972491568
-77.55649658203124 -79.5208154296875 -79.54799895262437
-77.51033203125 -79.5280126953125 -79.5362357385645
-77.15512451171875 -79.2961669921875 -79.33628662521079
-77.05026611328125 -79.274248046875 -79.31789003214587
-76.9816748046875 -79.2750146484375 -79.31757054964166
-76.92596923828125 -79.282958984375 -79.3222557440978
-76.876259765625 -79.2941650390625 -79.32870138596121
-76.829892578125 -79.3068896484375 -79.33559907909992
