-54.86920225694445 -55.059734375 -54.710061535775026
-53.83376345486111 -54.0168046875 -53.67857905055158
-53.310230034722224 -53.5115703125 -53.15615812103301
-53.1224375 -53.3243125 -52.997732979910715
-53.020700086805554 -53.22370703125 -52.9207660167164
-52.93936675347222 -53.1415625 -52.855237747652076
-52.87015972222222 -53.0658046875 -52.80507762971958
-52.81620355902778 -53.03876953125 -52.75369345736341
-52.73829079861111 -52.97883203125 -52.7033720174035
-52.70528602430556 -52.9364375 -52.68516998735878
-52.667256510416664 -52.93628125 -52.68245629550648
-52.620498697916666 -52.88489453125 -52.63263755034659
-52.5700625 -52.84828125 -52.5853374989086
-52.541442708333335 -52.85358984375 -52.587218051980834
-52.50399001736111 -52.8274296875 -52.568104854246386
-52.45613064236111 -52.79715234375 -52.53720374519786
-52.43044661458333 -52.76780078125 -52.52162886639031
-52.41915928819444 -52.73990625 -52.525034052753355
-52.39776171875 -52.7597109375 -52.52801801349725
-52.3648046875 -52.7362890625 -52.50013603899986
-52.343625868055554 -52.74083984375 -52.49678175975329
-52.32056119791667 -52.71258984375 -52.47308477136669
-52.28970008680555 -52.7351796875 -52.48686922627589
-52.284921006944444 -52.71037109375 -52.47700516799912
-52.25901996527778 -52.74659765625 -52.461309345864464
-52.2289609375 -52.68601171875 -52.43369013690856
-52.22760243055556 -52.7036875 -52.45829606867161
-52.19866710069444 -52.6988515625 -52.44712194919123
-52.19166276041667 -52.70663671875 -52.454136884594796
-52.17595486111111 -52.7044375 -52.44519037037248
-52.16170529513889 -52.67233203125 -52.44042900537726
-52.13693229166667 -52.6516953125 -52.42223050457627
-52.129140625 -52.66396875 -52.42182867496887
-52.115733506944444 -52.674296875 -52.42264636218606
-52.103193142361114 -52.645 -52.413119776719284
-52.09259461805556 -52.67269140625 -52.419155495275675
-52.083581163194445 -52.6377109375 -52.41372207626773
-52.06203125 -52.65990625 -52.40586818921207
-52.04368359375 -52.650515625 -52.4094378857849
-52.04354340277778 -52.5993828125 -52.40994927023544
-52.024595920138886 -52.628734375 -52.397027819219204
-52.01504166666667 -52.61891796875 -52.38274808388757
-52.005918836805556 -52.62587109375 -52.39365237933901
-52.00334678819444 -52.61744140625 -52.390018681858905
-51.97892491319445 -52.612109375 -52.368642883004206
-51.97576258680556 -52.61957421875 -52.37513421506298
-51.96157682291667 -52.612765625 -52.37754388777693
-51.950129340277776 -52.61348046875 -52.374079519852025
-51.94769314236111 -52.614203125 -52.38517857617377
-51.934923177083334 -52.6139375 -52.38452012012952
-51.91764409722222 -52.61014453125 -52.38508886220504
-51.91031423611111 -52.59665234375 -52.38064717551362
-51.905545572916665 -52.58547265625 -52.392432002446625
-51.89090798611111 -52.58128515625 -52.37354058357439
-51.888152777777776 -52.599921875 -52.38124910434319
-51.8711875 -52.57453125 -52.38226884817822
-51.866057725694446 -52.58576953125 -52.37373697560776
-51.85329036458333 -52.60679296875 -52.37537795531159
-51.845407118055554 -52.6006328125 -52.370028541201634
-51.84440451388889 -52.61695703125 -52.378681594359286
-51.835743489583336 -52.599 -52.375560185883785
-51.823582899305556 -52.5786953125 -52.364355341222705
-51.816437934027775 -52.60875390625 -52.37372047120327
-51.814131510416665 -52.5971953125 -52.382749092242925
-51.80317491319445 -52.60836328125 -52.36939757766946
-51.79538368055555 -52.59589453125 -52.36356370812834
-51.79180598958333 -52.5930078125 -52.36809890494982
-51.78578993055555 -52.59569921875 -52.37102447005588
-51.77748741319444 -52.59321484375 -52.363158586537295
-51.77340798611111 -52.59335546875 -52.36106346137785
-51.76658637152778 -52.5989453125 -52.36748021962691
-51.76521484375 -52.58413671875 -52.36437771781424
-51.75575998263889 -52.5784375 -52.371119907924104
-51.75044748263889 -52.58476953125 -52.36069585653737
-51.74174392361111 -52.58360546875 -52.35669241887603
-51.74076171875 -52.59311328125 -52.3708218944316
-51.734998697916666 -52.6008359375 -52.36683169884862
-51.72868967013889 -52.58430859375 -52.36659773074967
-51.72427907986111 -52.58650390625 -52.36555752323251
-51.72154730902778 -52.5874453125 -52.35921544259445
-51.716427083333336 -52.5763359375 -52.358713251972105
-51.71584375 -52.57647265625 -52.36262015443733
-51.71072439236111 -52.592171875 -52.3690208383158
-51.704479166666665 -52.58940234375 -52.36407304621067
-51.69958463541667 -52.59077734375 -52.36366291250038
-51.696649739583336 -52.59213671875 -52.364630903979894
-51.69383246527778 -52.59216796875 -52.367963310812605
-51.690264756944444 -52.59050390625 -52.36794425586222
-51.687594618055556 -52.6024296875 -52.36559595936589
-51.684016927083334 -52.5990234375 -52.36532939766308
-51.681912760416665 -52.59187890625 -52.36734539658497
-51.67744487847222 -52.59585546875 -52.36676980362458
-51.67597048611111 -52.5950625 -52.36572618549373
-51.673378472222225 -52.5948515625 -52.36906318924054
-51.671274305555556 -52.5942421875 -52.370880008323084
-51.66935286458333 -52.59703515625 -52.372870887333725
-51.66749001736111 -52.59546484375 -52.3729604233574
-51.66569097222222 -52.596796875 -52.37254776875873
-51.66355512152778 -52.6009296875 -52.373725201576164
-51.66200868055556 -52.59723046875 -52.372370105443125
-51.63818185763889 -52.6194609375 -52.39873345229554
-51.62292708333333 -52.63586328125 -52.41914179350591
-51.61112326388889 -52.6485 -52.43455948750873
-51.60141059027778 -52.6586015625 -52.44668454540019
-51.59302430555555 -52.6669609375 -52.456570787494684
