-2.3670994197475284 -2.474189613048331 -2.170108639435133
-2.3397196841796486 -2.438569983970384 -2.150253934536927
-2.3305299035039644 -2.436761746564886 -2.1450028795043963
-2.3403009015986447 -2.4556205275429184 -2.1771660880185797
-2.3362813414571613 -2.4436480188295495 -2.1455598237773343
-2.327657073743472 -2.427494073025506 -2.1728374207826358
-2.344180688751487 -2.439401717130163 -2.1481230899339887
-2.3468630878213026 -2.4538685147164787 -2.1745539981021915
-2.32319019719999 -2.420969887908462 -2.1595257754319728
-2.3263789109730633 -2.4333597241577634 -2.1533003684703993
-2.345548551768853 -2.446277123438442 -2.173669134136468
-2.3334912012310896 -2.443773152090816 -2.1507791572912383
-2.3181528887405465 -2.4198859811649562 -2.153430477857692
-2.3253692470376253 -2.429078043713816 -2.15142465186825
-2.3416587226836665 -2.446955350436169 -2.1592251255590336
-2.337643933053141 -2.437600215759139 -2.1649454554712086
-2.329352305110895 -2.434575665761808 -2.154518393067873
-2.327840030091391 -2.4355034357025795 -2.162678396219246
-2.323585950329814 -2.4291800377615287 -2.1731698157466406
-2.32679404777749 -2.436059457483156 -2.1759702215138774
-2.3283375012515304 -2.434073593577322 -2.1572859624274177
-2.324061345506524 -2.4291661793747172 -2.1590317006002695
-2.3229289768172308 -2.424672119152889 -2.156450855515406
-2.32973188812003 -2.430986656311222 -2.1610164781476855
-2.3296968792935955 -2.434531306659953 -2.148076965655061
-2.3247715388881534 -2.4274895199935558 -2.158094651183078
-2.334828258595997 -2.4294519319523284 -2.140784977413762
-2.330739127486316 -2.4318196281409725 -2.1504246836823127
-2.342395402636222 -2.438075791443886 -2.157162000208415
-2.321958460489118 -2.421581625309643 -2.15873258206282
-2.3337739858416984 -2.4404212191671744 -2.1584243462297508
-2.3283986407923623 -2.4266082553649864 -2.1469144419289643
-2.3209766835047763 -2.4182426064402596 -2.144861072512455
-2.3183064249040943 -2.422582936680957 -2.1485144107574694
-2.321331300975465 -2.419635147429689 -2.1575121914909015
-2.317477639114444 -2.4232945679097257 -2.153145494926233
-2.323248119797798 -2.421487553844125 -2.160609680708344
-2.3240063551665173 -2.426306630028853 -2.1536452664307233
-2.3235249097509882 -2.424899372168474 -2.1544483436362936
-2.316611423996138 -2.4176282322663667 -2.147430147529245
-2.319541386691854 -2.417379431298899 -2.164466655580054
-2.322774039595691 -2.4212708417873583 -2.1541929196704355
-2.324276458406068 -2.4245107854551007 -2.151862433532706
-2.31545690137389 -2.4259015788161045 -2.1786604706539547
-2.3217951379321056 -2.425622994581052 -2.139580865793688
-2.318395835043252 -2.423849691347971 -2.144686491972659
-2.320405579867252 -2.421232988768869 -2.159835872614679
-2.3187750459281316 -2.417131127025826 -2.1447640592662105
-2.3146443799221803 -2.415278168728729 -2.1607483124054307
-2.3165151176963543 -2.417860176284567 -2.1549755159186255
-2.3199390797481287 -2.4186364728310865 -2.1482903756769307
-2.3175235371506733 -2.4159330265617935 -2.1513766409211397
-2.3219767725272016 -2.421377158915912 -2.1660597124455774
-2.3177966316185357 -2.412691053192266 -2.1437759462710426
-2.3121382836999196 -2.418217348610492 -2.1561451593943888
-2.320555130437672 -2.413438149014009 -2.159831152015482
-2.3207807746570155 -2.418386378005381 -2.1392837107531113
-2.322416049282927 -2.4196595651714063 -2.1480283536107527
-2.3150863672879263 -2.4113112239001198 -2.1395391294806494
-2.314436175384057 -2.416245986954573 -2.1446283614647403
-2.313795292009171 -2.4134661662570798 -2.144088631183732
-2.320144987147628 -2.4189084590023295 -2.1400087142942152
-2.313933417890448 -2.413944016924794 -2.1431435082061423
-2.31245976855536 -2.4099237111749323 -2.139929847024299
-2.3157785678856153 -2.411694101693971 -2.148262092242202
-2.3117239128343083 -2.4088909547560218 -2.142283543720554
-2.3142100160200236 -2.410098437225285 -2.1370244897736823
-2.316227206040437 -2.415438735922822 -2.145209919729384
-2.311742645799829 -2.412331710127876 -2.1448030061739534
-2.311929263741978 -2.4116579901718773 -2.139596609563859
-2.315863875846269 -2.414900533820154 -2.1428684117302605
-2.3131806952477327 -2.4148718236577427 -2.1511744985251684
-2.3108695541777347 -2.4091227853316752 -2.1364090168805205
-2.3100537385112974 -2.4101812748126443 -2.1444743941499005
-2.309867073799433 -2.4081795166861846 -2.1380581735319852
-2.3127837993100835 -2.4065563194047632 -2.1392349559645885
-2.315915329311286 -2.4122255524320906 -2.141722049966866
-2.317017402070235 -2.4119697486868628 -2.1356973335136247
-2.308335337833623 -2.4063100601635496 -2.1515919913039703
-2.3133412536467906 -2.4110472400274556 -2.1435835803259327
-2.3133799776153907 -2.409910190049747 -2.1451285450503885
-2.3093275627656626 -2.4079401529122135 -2.1428923560900848
-2.311181199769597 -2.408309736465973 -2.138515224792367
-2.3085797828006833 -2.40667872084686 -2.1479470919921595
-2.312073803174645 -2.408785140453892 -2.14468005669678
-2.314221458332538 -2.411123448890858 -2.1398406244691834
-2.3112145716559973 -2.4076980358569693 -2.133926688003158
-2.310015555444622 -2.408472676755507 -2.1356173762366626
-2.306219427111603 -2.404660044450837 -2.1404323922191253
-2.3091136177533564 -2.4083754197006315 -2.136009560946384
-2.3096279138101985 -2.4062187143851723 -2.136989907259389
-2.3082292112492766 -2.4061356069885123 -2.13531173031621
-2.308154019781383 -2.405034441647803 -2.140239413390598
-2.3090268165509245 -2.405279827074804 -2.1386930037629295
-2.3082198369715634 -2.407414000247636 -2.1376720272954177
-2.309518842089434 -2.406693811771613 -2.136532787027797
-2.308155142932371 -2.405653497626267 -2.135740520404722
-2.3066921618371183 -2.4038132418284084 -2.13784393541906
-2.3057700155619245 -2.402238717531639 -2.142165464134691
-2.3076805313178474 -2.403932092825388 -2.1375426442884713
-2.286897758306128 -2.4079311326967274 -2.150936524275631
-2.281125242123427 -2.4156078818262734 -2.1654402440239853
-2.2779859822405872 -2.4202728294479487 -2.174369608808563
-2.27592574849222 -2.4229465905621295 -2.1796831329873902
-2.2743757669148787 -2.4247247258345053 -2.183215112021818
