-10.896841994382022 -11.178422961288623 -11.005502691947566
-10.814699555243445 -11.124476880705759 -10.941621678955993
-10.792437119616105 -11.123658214097613 -10.935340443586142
-10.732748624765918 -11.047885906776685 -10.86583830758427
-10.744592857560862 -11.078568348402388 -10.907082382373595
-10.690927463717228 -11.02998321190309 -10.833081694756554
-10.701549859550562 -11.021521462429776 -10.824706299742509
-10.662052097963484 -10.971878511235955 -10.784244133309926
-10.669520116455992 -10.977229854283708 -10.777455304892323
-10.687958874648876 -11.030785748771068 -10.80988288565075
-10.693265946863296 -11.014573494557585 -10.83830473139045
-10.647070488061798 -10.962957557935393 -10.771983702013108
-10.637338951310861 -10.94890959664677 -10.762999619616105
-10.646921772588952 -10.978050605688201 -10.780850158005618
-10.645996635065544 -10.974266206548455 -10.78501024110487
-10.621345183754682 -10.968910529318821 -10.763980936914795
-10.629759114583333 -10.969894333742978 -10.75804767965824
-10.630390932233146 -10.961355775983145 -10.753709547635768
-10.606440747893258 -10.93278078915028 -10.743551980922284
-10.628778967696629 -10.980232729108145 -10.773796523876404
-10.62467032420412 -10.961627622454355 -10.771206694756554
-10.61665079295412 -10.953513924245085 -10.766110794124533
-10.615988047167603 -10.953861426878511 -10.762040832748127
-10.593440879564607 -10.935177866046349 -10.72183045119382
-10.596196819405431 -10.937256627457865 -10.738933681530899
-10.581405006437265 -10.935233661780197 -10.744902197448502
-10.586015186095505 -10.937697836200842 -10.748680726240636
-10.606119923338015 -10.942993109199438 -10.739178443937266
-10.583600084854869 -10.925253247893258 -10.729589990051497
-10.608141751521536 -10.957626239905197 -10.762456914208801
-10.587696161048688 -10.928468058725421 -10.72534534468633
-10.585292866338952 -10.947514867889748 -10.747752808988764
-10.559935715121723 -10.89567624209972 -10.70781725479869
-10.576137655079588 -10.917751272823034 -10.730698662804308
-10.562186051615168 -10.898083742977528 -10.714094320575843
-10.554779157888577 -10.901955209796348 -10.714409015098315
-10.552663126170412 -10.897009359638343 -10.701607487710675
-10.555557101474719 -10.900904637025983 -10.711835791198501
-10.549995098899812 -10.90039122849368 -10.697389176615168
-10.553951193820225 -10.89856533093399 -10.707613164208801
-10.538990212429775 -10.889171567766853 -10.703738003277154
-10.560141883192884 -10.925672182233146 -10.7107851269897
-10.542579939138577 -10.89256468354986 -10.69637976942884
-10.542739217579587 -10.893575261148174 -10.692310466409175
-10.543866324321161 -10.891290927844102 -10.699063158356742
-10.548365358731273 -10.896815693030197 -10.709975933403559
-10.528205904728464 -10.885034399139748 -10.682382373595505
-10.527283078768727 -10.871257461376404 -10.675750746137641
-10.528596734550561 -10.88886049420646 -10.68188597261236
-10.53305620903558 -10.877930400719803 -10.70377428604869
-10.529665847378277 -10.886952356917135 -10.681537628745318
-10.513952803136704 -10.877061314957865 -10.668198004447566
-10.529934105805243 -10.891715513079355 -10.689387216175094
-10.518643097495318 -10.873697989817416 -10.684727147705992
-10.50075785639045 -10.847162098402388 -10.652334167251873
-10.498609696863296 -10.856114597963483 -10.653063699672284
-10.50104368562734 -10.86137146681882 -10.662531674274344
-10.501422899110487 -10.867759612008427 -10.66276634187734
-10.501746576544944 -10.860937115958567 -10.654900880735019
-10.498259304775281 -10.858601869733146 -10.663015859082398
-10.501222261235956 -10.856099455758427 -10.65484060451779
-10.499123946629213 -10.863530986657304 -10.651168217462546
-10.497405547752809 -10.862974675210674 -10.654127750468165
-10.49325709562266 -10.858235549069523 -10.661705802317416
-10.48699533298221 -10.846335805828652 -10.647515069054307
-10.483293510065543 -10.84226502150632 -10.64650536926498
-10.489277943586142 -10.838327060656601 -10.644826413272472
-10.47978976474719 -10.834276191625703 -10.631427024812734
-10.481694946746254 -10.836136652914325 -10.645394940894194
-10.472291183871723 -10.83052520409059 -10.623547372425094
-10.474815396769664 -10.838070246664326 -10.621572960557117
-10.471647428019663 -10.827927108936095 -10.631810773642322
-10.470823267790262 -10.833704628247894 -10.635790028089888
-10.470705758426966 -10.822269465414326 -10.628272179307116
-10.467718969452248 -10.8204248046875 -10.625115066128277
-10.462347831811798 -10.827237809427668 -10.61169760943352
-10.467589448735955 -10.814984254301264 -10.625384187734083
-10.458491704705056 -10.810098259743679 -10.615053838951312
-10.4570234375 -10.820494206460674 -10.618331065660112
-10.453893360838014 -10.817133953651686 -10.614443469101124
-10.458613529962546 -10.82157895891854 -10.619374341643258
-10.452399915145131 -10.811847019838483 -10.603054994733146
-10.45679844042603 -10.81424075008778 -10.616200330641385
-10.451105585791199 -10.807653726299158 -10.609319405430712
-10.450235369850187 -10.818336277650983 -10.612803283005618
-10.446759963132022 -10.799193348402387 -10.597336434925094
-10.445354956694757 -10.80742253335674 -10.609103610720974
-10.447549479166666 -10.809514736218398 -10.60811797752809
-10.441165042720037 -10.80023530767205 -10.604233380149813
-10.437725435978464 -10.793688388781602 -10.598169987710675
-10.439884743679775 -10.802352089185394 -10.601343559808052
-10.437819566362359 -10.796583293100422 -10.596292573735955
-10.435495859667602 -10.800151092872191 -10.598668290613295
-10.434525558871723 -10.799155108848314 -10.598352937734083
-10.434892570809925 -10.799984528616573 -10.598044022120787
-10.430924830290262 -10.791119755091293 -10.588433769311798
-10.430053502457865 -10.793050002194523 -10.590544753628278
-10.427607487710674 -10.791133251404494 -10.591454968398876
-10.427835586376405 -10.792343585410814 -10.592784849016853
-10.426517600070225 -10.789950074613763 -10.589005588717228
-10.366680301966293 -10.793939661604634 -10.595838892790262
-10.349729312968165 -10.817051329880618 -10.621631773759363
-10.341217009012173 -10.836146144224017 -10.64210242567884
-10.33565629389045 -10.849964229283708 -10.656147515800562
-10.332136016502808 -10.85943540423104 -10.66534607619382
