-6.150424096851819 -6.16582435018858 -6.167336100414056
-6.14855564496877 -6.171139102343891 -6.168783873385609
-6.128596658207054 -6.1454322629720926 -6.147644777297155
-6.124479167895781 -6.1439710144242525 -6.14448787329443
-6.120744681015104 -6.140930189923217 -6.137458198800738
-6.12905071337608 -6.148088312847553 -6.145977791059706
-6.127289517906915 -6.14671536045346 -6.149997477513837
-6.131867593335623 -6.153763553157905 -6.15248913235862
-6.117894442338115 -6.1346034637836935 -6.134272826739895
-6.1327197105393205 -6.1536498391763 -6.151147538455763
-6.12220462814183 -6.142040265157975 -6.140026634436947
-6.129520758203171 -6.147950903215348 -6.146267407668626
-6.120548575568853 -6.14200813461 -6.14048471289582
-6.13733913364828 -6.1572949341942245 -6.1546141300121215
-6.114889388908924 -6.13457373422737 -6.133795900867803
-6.114474590529327 -6.134659579106917 -6.135140201624582
-6.112878412856753 -6.127116518138725 -6.128329815819961
-6.102696239665518 -6.11940531233105 -6.121543163174183
-6.106416291438221 -6.1282809110956284 -6.1274942778951775
-6.110389668670954 -6.129292859938567 -6.128458680503411
-6.111094211722327 -6.125586156229082 -6.129098595855145
-6.099707906658638 -6.115077644298844 -6.119172654708015
-6.100079452510354 -6.119983913607342 -6.118359559367759
-6.104221228162351 -6.124175693054411 -6.123539061494358
-6.10313351994013 -6.119187752317824 -6.124179915445594
-6.105432866290953 -6.124451480257865 -6.124832091253325
-6.087409699998348 -6.104556712579326 -6.1046159066468935
-6.1084093729847 -6.125382323351376 -6.1268459486693345
-6.105895417432382 -6.1238841925548035 -6.122757283532137
-6.096908862542521 -6.113270288404603 -6.114312343455012
-6.092417423740661 -6.110838737533951 -6.11245292755889
-6.103153529639584 -6.1212215933775065 -6.1213690697272165
-6.0989345167320606 -6.115526604596549 -6.117063462399704
-6.092127396651968 -6.108202524123555 -6.110788128593495
-6.090162961566788 -6.105385054699367 -6.106915450286407
-6.095437076532176 -6.112871007264018 -6.111710260702716
-6.093659431325163 -6.113444266019617 -6.1127667298657
-6.088135761207483 -6.102859500605804 -6.106388661315756
-6.091896078760618 -6.109312989048059 -6.111417275192011
-6.0899034355050805 -6.110456326188117 -6.1111519699862695
-6.088081448328076 -6.108580347186913 -6.109025975070797
-6.09272942571477 -6.11198529275706 -6.1129405886627906
-6.096146993047254 -6.114372456708738 -6.1144071252440355
-6.082446512649542 -6.0986661246878455 -6.0993845636585
-6.094903839034439 -6.111948586497245 -6.113899007699198
-6.0819687352975595 -6.100323714013786 -6.1029185081095
-6.082134868515265 -6.099427427601176 -6.103298121326054
-6.085740299245412 -6.104150442164611 -6.105142041950034
-6.082911140435242 -6.101121195220181 -6.102851448527203
-6.082759591495277 -6.101878362393964 -6.099960679385137
-6.082200240070134 -6.099044676848145 -6.101216181924719
-6.08127600431277 -6.0975864326825295 -6.10010777971606
-6.085102255740509 -6.100028769159662 -6.102866197947954
-6.072766929273391 -6.09050774361291 -6.094000480361816
-6.073710133893978 -6.0897596147270745 -6.090738562159422
-6.076321201478058 -6.096838102666504 -6.09548241165097
-6.076375956000537 -6.0952981996434366 -6.095726833017785
-6.07272868734119 -6.089758257098286 -6.091898997977989
-6.077783567166271 -6.095578600270641 -6.09467200640393
-6.073115482030333 -6.091014189433263 -6.092795779520295
-6.075375367111822 -6.089483802382347 -6.095605477130353
-6.070848270031629 -6.085856193120382 -6.091141078879902
-6.0680659362814335 -6.085470060866018 -6.08813415804943
-6.0759986863875755 -6.0920893560092875 -6.095815782081331
-6.070282201776854 -6.087715189191103 -6.090144302969192
-6.065108428620075 -6.082762320531531 -6.085155705277074
-6.069554280973838 -6.0839918545289695 -6.087110623672552
-6.074919047579269 -6.092979407385983 -6.09432311556037
-6.069669538082981 -6.085552235119584 -6.086969431490282
-6.071802142804581 -6.08991814302931 -6.091871116544559
-6.064881217087451 -6.080748718197294 -6.082995535283296
-6.066290352634109 -6.083396345746016 -6.0870150206089635
-6.06913003461704 -6.086019762248024 -6.0888890686008965
-6.068431749153547 -6.087035017168473 -6.08909271117148
-6.065019960054415 -6.08155310068336 -6.085271010549858
-6.06542007191632 -6.082374403246724 -6.085220351317794
-6.064967312345373 -6.0820817211072455 -6.083671586715867
-6.063667255933055 -6.081577362012621 -6.082791431793315
-6.063432357129288 -6.079178934770261 -6.082028903501245
-6.063911352142338 -6.080582044122332 -6.082281839306402
-6.060095422759587 -6.076100172086991 -6.080220582615528
-6.062399705121207 -6.078162309650388 -6.08181814601122
-6.062605806617844 -6.078428065485577 -6.082225615520145
-6.06033980976611 -6.07617906540432 -6.079392587008174
-6.0591175562811825 -6.075416832263857 -6.0775912050544925
-6.061231943016586 -6.0782885314157316 -6.07935425527493
-6.061614726044663 -6.077893662568706 -6.080243821333562
-6.057353258416098 -6.074563901977995 -6.07699010749646
-6.058832014341858 -6.074345977416297 -6.077836514738694
-6.059445545399258 -6.076707371562283 -6.078335975379194
-6.057637821533587 -6.073869349146725 -6.077051351113983
-6.058808916493035 -6.074208504930907 -6.077679542352291
-6.055719369285826 -6.072678469857825 -6.074784482469643
-6.056279961836943 -6.073421583059528 -6.075385973904252
-6.053700014585786 -6.071194757581804 -6.073706760732215
-6.055364801970398 -6.071888568745495 -6.075888426330666
-6.055866821085421 -6.07169870184541 -6.074510914236141
-6.054240584866964 -6.070442694086611 -6.072506912114906
-6.0550536296483575 -6.0715178355213615 -6.07323262551757
-6.0532723850922165 -6.068269331527721 -6.071512273194134
-6.0450884599171655 -6.062269756214119 -6.06555159649071
-6.0424069305694585 -6.060269013641454 -6.063678688226744
-6.04079076079611 -6.059122169293695 -6.062575506977817
-6.0396617509854185 -6.058339420873774 -6.061793276476551
-6.038796568856711 -6.057735602899815 -6.061181309601069
-6.038112800628366 -6.0572545497660455 -6.06068716210418
-6.037566030583543 -6.056849624409482 -6.060268211512057
-6.037108127169766 -6.05651148684689 -6.05991532324026
-6.0367186876503895 -6.0562028399985195 -6.059589754918261
-6.036388948720677 -6.05593835379766 -6.059304077075109
-6.036103245041101 -6.0557124091696055 -6.059049322733416
-6.035851998739439 -6.055517463732204 -6.05882110896872
-6.035623896378381 -6.055324265613335 -6.0585996916700635
-6.0354103070623095 -6.055153581505194 -6.058406742429525
-6.0352238658056185 -6.054973318571718 -6.058205010579357
-6.035041180610113 -6.054830340147356 -6.0580381074750065
-6.034875410260434 -6.054688216526305 -6.057865371645177
-6.034720216717591 -6.054580247325773 -6.057720249077491
-6.034581760357705 -6.054479795366121 -6.0575777830816095
-6.034445710826853 -6.054378828010356 -6.057432911924504
-6.034326229196416 -6.0543111602718 -6.057319014550974
-6.034208774766338 -6.054232430372751 -6.057196812247919
-6.0341096648653485 -6.054172631852908 -6.057094588705698
-6.034009191485655 -6.054118339272037 -6.0569984744405945
-6.0339168554005 -6.054049137915777 -6.056891189165344
-6.033823009180973 -6.053985216227023 -6.056791873605509
-6.033729692597919 -6.0539361153192015 -6.05670657837574
-6.033645494645335 -6.0538708988548455 -6.056607405281902
-6.033560624590772 -6.053809214739464 -6.056512531308997
-6.033474730460624 -6.053759673859351 -6.056431049139706
-6.033391454343674 -6.053702590597083 -6.0563426783204966
-6.033315514362293 -6.05364520563953 -6.0562560422342955
-6.033230696265738 -6.053581761634979 -6.05616488913799
-6.0331607909556215 -6.0535416110206475 -6.0560982234322704
-6.033085430892657 -6.053490536522829 -6.056022557227752
-6.033024950932868 -6.053439399171826 -6.055949606257509
-6.032950847080461 -6.0533862253776425 -6.055875766969879
-6.032877755571186 -6.053344918264713 -6.055816065337252
-6.0327986897289785 -6.053283988387547 -6.0557395610974645
-6.032731223093126 -6.053221462039493 -6.055662612698983
-6.032654025225123 -6.053161349253727 -6.055591597590213
-6.032570038456703 -6.053090362867023 -6.055509352808826
-6.032486929108198 -6.053025976064703 -6.055434985558977
-6.0323968473301814 -6.052960860165442 -6.055360500984189
-6.032298232706337 -6.0528843678397655 -6.055276814782138
-6.032197680551598 -6.052807209270332 -6.05519031278158
-6.032117472471239 -6.052737530229868 -6.055112911844053
-6.032026969162929 -6.052672024640862 -6.055040061438041
-6.031952399364512 -6.052618448586296 -6.054979974309191
-6.0318859450717905 -6.052558310659257 -6.054916241726916
-6.031807261372355 -6.052506544776407 -6.054863110290805
-6.0317475574305615 -6.052456739912919 -6.054815920524757
-6.031688376420981 -6.052410970223882 -6.054773348333048
-6.031640853280024 -6.052369725964137 -6.054738326839119
-6.0315811208451295 -6.05232686009223 -6.0547053250101905
-6.0315297326987745 -6.052288431655157 -6.054678164287093
-6.031488814091109 -6.0522457794840765 -6.054648481077834
-6.031439412919558 -6.052208230991588 -6.054626574835879
-6.0313911355494465 -6.052161744776247 -6.054599053757616
-6.031347071806209 -6.052121455884908 -6.054577541392238
-6.031309571532675 -6.052077622073958 -6.054557185515533
-6.031265908368922 -6.052047993082731 -6.054551922654038
-6.031228718167373 -6.052004536390887 -6.054534558563246
-6.031183523918437 -6.051955259494149 -6.054516113406955
-6.031151087036623 -6.0519043107027 -6.054497726913134
-6.031106823841676 -6.051852569961126 -6.0544785275251005
-6.031064834228611 -6.0518003641059845 -6.0544620517516945
-6.031038385088247 -6.051753551054083 -6.0544496572100535
-6.031000754919693 -6.051707844218231 -6.054437178864885
-6.030966746727142 -6.051664048119191 -6.054425136298057
-6.030932395779342 -6.051619749194675 -6.0544119372425556
-6.030908463250255 -6.051571792214814 -6.054391832776431
-6.030880409277858 -6.051534432281878 -6.05437934605091
-6.030852318432036 -6.051498241418177 -6.054365308960139
-6.0308269620859125 -6.05146554519154 -6.05435270490968
-6.030799384953948 -6.051437864649036 -6.054342103763516
-6.030770436800987 -6.051405558112144 -6.054324890519072
-6.03074452567742 -6.051377601015627 -6.054309847785978
-6.030726809672626 -6.051357739409289 -6.0543012244030505
-6.030701769264716 -6.051337802379129 -6.054292475314833
-6.0306812709923765 -6.051315074667572 -6.0542794438663865
-6.030654546139355 -6.051299399083329 -6.054271004851219
-6.030635184238941 -6.051284125759468 -6.054262557455698
-6.030622213173558 -6.0512548613167105 -6.054239955644469
-6.030599706975605 -6.051237488696484 -6.054228022022226
-6.030578977406325 -6.05122720591548 -6.054222968669548
-6.030566587097391 -6.0512139816054376 -6.054214043593924
-6.030549581744066 -6.051204277073733 -6.05420785051328
-6.030530958988224 -6.051189179738788 -6.054196159921265
-6.03050789633676 -6.051180053456382 -6.054191223893525
-6.030497057225786 -6.051167168553536 -6.054179483019394
-6.030478132778281 -6.051152611755979 -6.054166267203188
-6.030464871753691 -6.051147269235287 -6.05416096243993
-6.030447568898866 -6.051131819922508 -6.0541471516186816
-6.030429532765699 -6.051122630786918 -6.0541395925405475
-6.030413165155026 -6.051108388255284 -6.0541252369963745
-6.030396760670928 -6.051104177091915 -6.054122018940938
-6.0303825568598945 -6.051086351928758 -6.054104755414378
-6.030363522630147 -6.0510878981171 -6.054105970565519
-6.030352983534769 -6.051076923951066 -6.0540943134949154
