-10.249849208480521 -10.448109963326644 -10.6077298828125
-10.020345328501282 -10.2128821883362 -10.3774294921875
-9.988280686107384 -10.175341722214258 -10.336365234375
-9.962380633884294 -10.155964795967126 -10.3240505859375
-9.938401266250722 -10.132224024034786 -10.2827431640625
-9.919149226020897 -10.103255805619266 -10.2462962890625
-9.884767018146462 -10.059334944512138 -10.2168443359375
-9.872776588001214 -10.038063539277523 -10.197588671875
-9.856488549795566 -10.048721770773605 -10.2008029296875
-9.833461165577978 -10.024598847835437 -10.169534375
-9.801530713041549 -9.990734228664946 -10.1456123046875
-9.799493020734266 -9.986680374378823 -10.1365759765625
-9.794189361907076 -9.983118683701262 -10.135470703125
-9.77499936645006 -9.941726992545872 -10.108487109375
-9.771656063716415 -9.963624577420203 -10.124040625
-9.759000389550287 -9.939974368967412 -10.099899609375
-9.748323381402637 -9.925572050602064 -10.0962666015625
-9.742734028040191 -9.932505196387615 -10.076582421875
-9.738028410502148 -9.921381007203268 -10.0865603515625
-9.753761379352985 -9.938562086379491 -10.10816640625
-9.73661585949972 -9.923416669653097 -10.0892287109375
-9.726491184169186 -9.919625807829224 -10.0846720703125
-9.72281276337102 -9.913113897947726 -10.0860865234375
-9.72478569095288 -9.906671833189984 -10.0692060546875
-9.695182058369918 -9.879619036099962 -10.0481671875
-9.685860432464505 -9.873710011706804 -10.052190625
-9.691746542608522 -9.884052390935588 -10.0343572265625
-9.692507548863617 -9.885203360927944 -10.0397654296875
-9.679300205283448 -9.870675575186354 -10.0446197265625
-9.684350162188784 -9.883887502687786 -10.0389939453125
-9.672973363305 -9.863695430463972 -10.03028984375
-9.67134306682751 -9.859398667455084 -10.02709921875
-9.6644521332124 -9.84915021143922 -10.031579296875
-9.666951918933206 -9.84424858443234 -10.0194208984375
-9.662520303451181 -9.855739544509747 -10.01599609375
-9.652569157780604 -9.848180517727446 -10.00775625
-9.661757522592856 -9.84897035371273 -10.009551171875
-9.659201579801552 -9.841696680284786 -10.0089541015625
-9.656244775700767 -9.840258005124713 -10.0070490234375
-9.644718047721502 -9.826276810672304 -10.000056640625
-9.644749045230292 -9.8346426587586 -9.99876953125
-9.642837117561394 -9.83003818150325 -9.99841484375
-9.645893034081935 -9.833023267273509 -9.9943857421875
-9.64008966688674 -9.843229539970375 -10.0020669921875
-9.64237908749172 -9.83192045345948 -9.9903853515625
-9.634058520244938 -9.83290828973146 -10.001226171875
-9.632858805534799 -9.823845408961677 -9.992108984375
-9.62813580683613 -9.809403931037366 -9.9890365234375
-9.62162637974572 -9.824456731113818 -9.9800373046875
-9.621808550230758 -9.825926054508313 -9.9744005859375
-9.618640435664762 -9.819529570133314 -9.97390625
-9.61860593870474 -9.808294435086966 -9.97257109375
-9.616537132793129 -9.810491999354932 -9.974055859375
-9.614895359442402 -9.801911314984709 -9.9641095703125
-9.613287751350159 -9.797189657695432 -9.9668369140625
-9.612416653354378 -9.803088528227732 -9.9735791015625
-9.609768066323324 -9.807000041810015 -9.963384375
-9.60895567949989 -9.804425440797019 -9.9591494140625
-9.60978231290441 -9.797835323788703 -9.96516015625
-9.60758424290318 -9.800246641759843 -9.955966796875
-9.603981052013985 -9.793269371476013 -9.9589771484375
-9.60021431568115 -9.788810445336392 -9.94981640625
-9.60425377701908 -9.789049621022075 -9.9588205078125
-9.601636602123738 -9.798275486190748 -9.956578515625
-9.599150764452634 -9.787954310612577 -9.95023203125
-9.597696568322025 -9.783270170345949 -9.949000390625
-9.593527096566014 -9.784175357176988 -9.9448515625
-9.590640414170503 -9.778605516532874 -9.9449095703125
-9.587430455455403 -9.782559736059346 -9.9443255859375
-9.587970714336512 -9.776049207401567 -9.9354087890625
-9.584237662294928 -9.773093537963494 -9.939522265625
-9.581735040525967 -9.778242478676892 -9.9323830078125
-9.582424598269633 -9.768491673834097 -9.92429765625
-9.5813220886954 -9.78327114093559 -9.9348880859375
-9.580904260852213 -9.772082892834957 -9.9297794921875
-9.577849505287057 -9.775959427859805 -9.9272205078125
-9.575936963970314 -9.770182067684441 -9.92748359375
-9.573907016893957 -9.76854386169247 -9.9213765625
-9.575266064438198 -9.771498261897936 -9.9247048828125
-9.569012943126719 -9.770198567708333 -9.9217083984375
-9.57038129489912 -9.768223940414755 -9.9263427734375
-9.568939537576211 -9.766102791415806 -9.9203015625
-9.567153507226317 -9.765875636109518 -9.919046875
-9.567667312909718 -9.767906893575592 -9.9207478515625
-9.569383453745415 -9.764274200532778 -9.9215423828125
-9.56645179262126 -9.759634744719992 -9.9224259765625
-9.564178608806596 -9.76461745329224 -9.9209337890625
-9.565231495830645 -9.762888385177753 -9.9179291015625
-9.562946768802435 -9.762777401985378 -9.9174060546875
-9.561203163079337 -9.75841583345279 -9.9126486328125
-9.560632470582053 -9.75514718618597 -9.9121732421875
-9.56052654169568 -9.755082492653383 -9.9104447265625
-9.56098360983089 -9.752280139048166 -9.9091685546875
-9.558809936477829 -9.749905666153001 -9.909777734375
-9.557546734093187 -9.75151363454463 -9.911757421875
-9.5568368430452 -9.749967933211487 -9.90684921875
-9.556975527458519 -9.754122243525421 -9.9076166015625
-9.555601586515191 -9.747460340214067 -9.9054001953125
-9.554778651582827 -9.74801876523079 -9.905517578125
-9.55425763139096 -9.74837317977112 -9.9050568359375
-9.458379036277003 -9.736660215978594 -9.9018826171875
-9.443654224497724 -9.770342737600345 -9.938290234375
-9.437651289071788 -9.792510743680715 -9.9618046875
-9.434287188651668 -9.806021948764812 -9.9768091796875
-9.432046030620564 -9.814547645498854 -9.9865591796875
