-6.1122730024797605 -6.095472510014632 -6.131240146858583
-6.055701239590415 -6.042787059347111 -6.083762283230889
-6.050634684149234 -6.026862203273499 -6.074983424692425
-6.034986508820144 -6.007226256899774 -6.053825350126024
-6.030734831747111 -6.007503419326973 -6.0498083088689745
-6.031638518700559 -6.012184111233049 -6.054506827638529
-6.0268961462807455 -6.005409463556155 -6.0487860265856765
-6.026835884389871 -6.001235162543101 -6.044407244518455
-6.02409012088831 -5.995677454581015 -6.03836449999155
-6.026969564999073 -6.0122544275813485 -6.0527152496451055
-6.022634360177446 -6.002106660817252 -6.0428926823902485
-6.021711511330805 -5.996732907213433 -6.0379904238933095
-6.021723340405027 -5.996757807972589 -6.037237160285412
-6.023918327726191 -6.005796189323641 -6.044567414650369
-6.015509666526327 -5.995941261146485 -6.032782329469735
-6.017981882686484 -6.002882602428141 -6.039074156281385
-6.023155533496076 -5.999199949926837 -6.040219055854788
-6.020608631216782 -6.00171815238178 -6.050772498358313
-6.013927376967971 -5.990213067873131 -6.031739884460223
-6.016281634324208 -5.988359461020805 -6.036771097642972
-6.01486027449246 -5.98146905311015 -6.034749864500444
-6.011730337664545 -5.989093524082203 -6.033444832517721
-6.014934568320871 -5.99470960734672 -6.041227022413859
-6.0117144348020055 -5.985362145322641 -6.031562041293263
-6.012164301736991 -5.991284338146876 -6.0397223813277385
-6.008917492448705 -5.982696943499724 -6.025353128742081
-6.0061236280688 -5.9860941710492 -6.031876742029367
-6.00716223285605 -5.983050024946033 -6.025207085721425
-6.006021904065725 -5.984422169960811 -6.0301635138626
-6.006428407787297 -5.984288526454566 -6.026495802682469
-6.0039647314944995 -5.982809166693831 -6.032644623142238
-6.003174839028027 -5.973160207409742 -6.026574454289873
-6.003457439232355 -5.978213392035741 -6.026171048875203
-6.000119467614409 -5.976006335884982 -6.022936581681185
-6.001492575686762 -5.980256357842924 -6.025646138986934
-5.999645942530978 -5.975523317749985 -6.019543490981584
-5.9985760148380045 -5.97751532188985 -6.019549545457838
-5.995435063693529 -5.969511199229616 -6.0234371039127685
-5.99460826572253 -5.972745241917666 -6.017233604553751
-5.995186351372752 -5.9680701526824 -6.02264236431334
-5.990605240617854 -5.973610005668318 -6.0136221943443875
-5.992682329487516 -5.965807720638836 -6.01555372315962
-5.991820134822477 -5.9689044412994035 -6.016455802398795
-5.992956238943437 -5.973430805091345 -6.013443879645009
-5.9927528211134975 -5.96729208884772 -6.018280595135777
-5.992880225071071 -5.972609363002362 -6.01552352622354
-5.993100541578472 -5.972767794082493 -6.014632575149442
-5.990833221882532 -5.970877967944121 -6.015948886187616
-5.991783772489725 -5.968397201516864 -6.021786589557662
-5.989764772823837 -5.965891166478326 -6.015192793385207
-5.9921200863474136 -5.968273150462158 -6.012880983105107
-5.9880949722571994 -5.964145651557791 -6.00916204464303
-5.992329841181401 -5.973130439684023 -6.018097716002588
-5.987079301389361 -5.9687318903569775 -6.011187917664555
-5.986436910236157 -5.964017723907626 -6.00956348848284
-5.988083746707172 -5.959463969280613 -6.015710894345353
-5.987740250911563 -5.96779443336738 -6.0162546655303615
-5.989135055678728 -5.963185925366539 -6.012171609734723
-5.988745692044295 -5.96366696275933 -6.010149037440127
-5.98628304174263 -5.963741636740481 -6.017284605500135
-5.987825679761372 -5.962931965919463 -6.015837774288522
-5.987814967206909 -5.961718874503796 -6.013370131974757
-5.986139221926951 -5.965062848384258 -6.010743338039101
-5.985976119513241 -5.957396329084811 -6.010573680674927
-5.985969329866046 -5.961918505021804 -6.013094304371234
-5.98532479620195 -5.964342537333029 -6.0126634934924
-5.984158093404301 -5.960304709457942 -6.008523816083948
-5.984550776421806 -5.961808941681516 -6.0096470628886935
-5.985850526128252 -5.960616987614815 -6.010450007152204
-5.984085278210169 -5.9611004018982525 -6.011980507076155
-5.9845507462455965 -5.964842391776774 -6.010978330935182
-5.984648215403096 -5.960889962187065 -6.009946976368153
-5.98383068152849 -5.959156161941861 -6.007275556604411
-5.984432576208207 -5.9648650005342345 -6.0118300316507645
-5.9842077030931335 -5.964835657253274 -6.011044949035267
-5.9842443068355635 -5.958819803619031 -6.0106128933108485
-5.982875815723302 -5.9567211789558705 -6.006115681161397
-5.983379335959227 -5.96128894025991 -6.009244374203299
-5.983282017682776 -5.964434472067687 -6.009839240641176
-5.982794671895278 -5.959548914824916 -6.009606850604045
-5.982022221278042 -5.95716452565412 -6.008904154132706
-5.982614127632331 -5.959147673046694 -6.008694661709817
-5.982660900757447 -5.96113517807212 -6.00760104600225
-5.982156324354181 -5.961270745727935 -6.008189197818488
-5.9822186080511095 -5.956510739244683 -6.007047089717002
-5.9815000823207 -5.959255963052707 -6.007685073079226
-5.980946952395943 -5.959126507401411 -6.007158578842031
-5.9813327552376245 -5.956209524947845 -6.009187620561409
-5.98107631780715 -5.957176438403671 -6.0067479306894125
-5.981022966268308 -5.957805239165 -6.010283744821442
-5.980760584124513 -5.956429726888474 -6.0083810549289245
-5.980875736540928 -5.957760870539595 -6.00887069419229
-5.9804452729088124 -5.957596044491771 -6.007783189544867
-5.980551975986496 -5.958125072438572 -6.007731773649954
-5.98051138898438 -5.957677594478008 -6.0072824221164245
-5.980606534573728 -5.957405327313688 -6.0072213115149875
-5.980249248250263 -5.957404959461564 -6.00874873704757
-5.979873886377155 -5.958510270204929 -6.0079227254181475
-5.979898027344957 -5.957715596432038 -6.007482747949098
-5.980037200024334 -5.957323522660596 -6.007496705308686
-5.976604776869863 -5.955377132184095 -6.006324381409823
-5.975258555800399 -5.95449202338136 -6.006144444638926
-5.974432270824964 -5.954038603194179 -6.0061945968269566
-5.973838282312203 -5.953727654964215 -6.0062833769507105
-5.9733478585513105 -5.953526694519297 -6.006408408486799
-5.972963926634633 -5.953361726989888 -6.006524820410277
-5.972620853305961 -5.953219707773745 -6.006622597372576
-5.97232379869716 -5.9531092672476245 -6.006711566109297
-5.972060179328765 -5.9530017412421765 -6.006784446159901
-5.971817713483406 -5.9529123814723865 -6.006846971358593
-5.971594922526807 -5.95283796215809 -6.006889616750522
-5.971401915489231 -5.95275827972879 -6.006922133626101
-5.971208938627866 -5.952710770212173 -6.006971927449494
-5.971020850312481 -5.952650159500681 -6.006988487668032
-5.9708620027443455 -5.952608479025411 -6.007021928747151
-5.970678893503569 -5.952548434240264 -6.0070156479353365
-5.9705365221459585 -5.952518100588201 -6.007037470455665
-5.970393667968992 -5.952452283354341 -6.007021268601766
-5.970226280533496 -5.952429646300562 -6.007039413169229
-5.9701107358263545 -5.952379476930126 -6.007019929449696
-5.969946758302561 -5.9523367211948015 -6.007020815930644
-5.969813832098604 -5.95231360310363 -6.007024814525552
-5.969695571532585 -5.952267083958116 -6.007006349316044
-5.969557485196758 -5.952242352976863 -6.006997767426028
-5.969427335204097 -5.952217339032438 -6.006987676632272
-5.969320964064721 -5.952178120336767 -6.006965118521371
-5.9692074411636336 -5.952154408022934 -6.006951444081235
-5.969083477293971 -5.9521641702523755 -6.0069656843602734
-5.968970769150547 -5.9521466831283325 -6.006950670768068
-5.968878731710803 -5.952109558360136 -6.006916531820969
-5.968766928853671 -5.9521057100609935 -6.006909741754143
-5.968651504851369 -5.9521184434037435 -6.006914834304262
-5.968554578865645 -5.95212896963375 -6.0069175126084
-5.9684648649940515 -5.952117622810544 -6.006902631045272
-5.968388006187813 -5.95212011288646 -6.006887296811023
-5.968292739893625 -5.952129139411654 -6.006896387956051
-5.968214492981738 -5.9521335536371405 -6.006892955200044
-5.968108121842361 -5.952144193052416 -6.006895784394556
