-29.11173420228439 -29.22991041374946 -29.256213035342476
-27.211308582497825 -27.285957569810964 -27.48712491249641
-26.309346623402092 -26.391949102622792 -26.457751471855257
-25.448314230331956 -25.52120583800086 -25.552108387780013
-23.39543779970393 -23.47503812001831 -23.54185644475158
-25.411714739616563 -25.457104039880438 -25.627913981727456
-21.906440045185647 -22.03334281425032 -22.166128370010053
-22.080106349860063 -22.271828969867514 -22.34417686046094
-21.89958718955147 -22.053042364551917 -22.16977912074598
-21.763331310518467 -21.86166746048309 -21.926997325531303
-19.986918124499716 -20.129900063280914 -20.180047330467403
-21.11274401478293 -21.368514758253447 -21.39686776412622
-19.9737395810829 -20.133990812486537 -20.27321425366169
-20.99375938925556 -21.165365354709717 -21.23321529697372
-20.16122129542401 -20.285349795346832 -20.3353289013139
-19.974359452299982 -20.22443728794162 -20.23778118942059
-21.06627562488054 -21.21283740002962 -21.238169346370622
-20.50502108585525 -20.674567594450128 -20.717246172278863
-20.264644054059676 -20.387499242648644 -20.469884181145893
-18.80378843816209 -18.984234679623547 -19.063935114966256
-19.10982537702284 -19.186962911662537 -19.33159751826357
-21.20174038495082 -21.348695293986967 -21.390812908350085
-19.02883707778689 -19.185433693047177 -19.26952479941485
-19.318226442264738 -19.508391873788238 -19.57409717049289
-19.491216914779205 -19.667351298268528 -19.715049046883976
-20.74784073850464 -20.983961191633455 -20.907256852204192
-20.11143159022858 -20.295134143755387 -20.284327770498276
-19.596466533293704 -19.840401455124407 -19.837985560785828
-19.5998116700698 -19.740329254295023 -19.812973837548462
-19.13188788153072 -19.289789136552134 -19.36480751453906
-19.35831015306644 -19.542705991154136 -19.6434985954552
-19.640472996626507 -19.830456800678586 -19.816123966784534
-19.28453930837928 -19.47108916381678 -19.490870599018166
-18.856729246735874 -19.04346818114498 -19.06235584344486
-19.017226286436152 -19.181601284804504 -19.25513606808228
-18.76997117209703 -18.940672039934295 -19.017645014763428
-18.088321094701353 -18.29771187324968 -18.341883256748996
-19.106979726348392 -19.196327140443234 -19.31341850723363
-18.660763816123662 -18.858594086600604 -18.91669924679602
-18.33535667137253 -18.506293589778114 -18.562609379487363
-18.42072027720393 -18.553257368187204 -18.68164132615056
-18.725790026870893 -18.944943080838 -18.934033932321583
-18.666340768131857 -18.86574853242137 -18.89242429256713
-17.301061884825074 -17.486264802011526 -17.57736663555428
-17.935094629406464 -18.145958436557518 -18.169404566116814
-18.040607923643083 -18.239398343251832 -18.28406217466614
-17.689043083164627 -17.890523809443668 -17.93158313065408
-17.954427255971826 -18.12510981594679 -18.162272602850372
-17.170194592772752 -17.368024583625054 -17.483447658269313
-16.927206690985663 -17.15790733721995 -17.241497988539273
-17.22180628059049 -17.4316223223422 -17.48716039071475
-17.680000926937257 -17.88859403611051 -17.905944158125717
-16.68378402390974 -16.897833512292653 -16.973534370961374
-17.14680046600335 -17.315907029230395 -17.431380918832566
-17.647406987970843 -17.881657959931065 -17.88507553354753
-17.329037407582145 -17.54262604851088 -17.564790518649485
-17.639704623004363 -17.813831255385608 -17.878343226100302
-17.562992348332475 -17.81775980517557 -17.785003258947803
-16.89606558118172 -17.09342959830084 -17.18705855560741
-17.214039516427068 -17.453151928048253 -17.44472914273406
-16.83554721431789 -17.09246692057572 -17.114594645229037
-16.900144591485937 -17.084435209432897 -17.157065858791643
-17.061208660564777 -17.28365627356204 -17.291781141181435
-16.844898774216922 -17.03206583571198 -17.077728289013137
-16.856476554371092 -17.050006227111158 -17.083074702263428
-16.576958874080912 -16.785238506772405 -16.805560292217116
-15.820773244533981 -16.031066342295887 -16.137059789632396
-16.472665042513515 -16.674948373882486 -16.720008705485352
-16.35279128646237 -16.53835963586547 -16.61131774797171
-18.076134468970725 -18.35799493752693 -18.346307236322517
-16.35670298552913 -16.571917664126453 -16.579373889377514
-16.441297643299134 -16.659719510717363 -16.709038784283457
-15.638791916591119 -15.880840651591448 -15.92926358437141
-15.9228212311436 -16.16962882209985 -16.221014295618538
-16.115801130304 -16.336030065165875 -16.387393537298966
-16.0551728227345 -16.272325666132595 -16.32439852500359
-15.619488471408234 -15.807297416926971 -15.916697143344342
-15.886413152919483 -16.095409020222963 -16.14982199189582
-15.982532891190903 -16.20682718588432 -16.240731350516945
-15.68668485974926 -15.887618946238153 -15.964074728065766
-15.593700691992568 -15.78395795185265 -15.879484418751796
-15.42310591508623 -15.608400330878393 -15.713430791391442
-15.49492398311756 -15.707996452229642 -15.765416057133113
-15.575817654331662 -15.817217247078307 -15.856603071376005
-15.51529489898857 -15.731102400635502 -15.78981735869292
-15.299143493243971 -15.50560965942751 -15.590248454103245
-15.349282518628272 -15.57241183588701 -15.627419810812752
-15.403611071652554 -15.618014485606958 -15.659133131102815
-15.529766700143462 -15.763427629187312 -15.795727216533242
-15.306576226460312 -15.540751393526497 -15.590047223892519
-15.058919228769131 -15.283329560601572 -15.344962149088168
-15.144911881071547 -15.383127747502424 -15.427813184322947
-15.06931760977691 -15.27849871081969 -15.328966240441915
-14.98780335466423 -15.197544582749892 -15.254548924603316
-15.001743187828774 -15.234023462745045 -15.2773367384944
-14.908119676635097 -15.154037166597103 -15.198013892877656
-14.69633610386041 -14.933085693464562 -14.999543410755313
-14.829878752077692 -15.0645335935817 -15.120977499237148
-14.767658141627138 -15.004375807841448 -15.062901619040781
-14.657644851109692 -14.903911677684727 -14.957787791454265
-14.207598704840434 -14.47304597038588 -14.538932787146395
-14.122606418556163 -14.394886994762494 -14.467108326078762
-14.085027589541644 -14.36553731554287 -14.437235105318424
-14.06290679325215 -14.347572205036892 -14.421545879927125
-14.049431713427616 -14.336018704895519 -14.412951316592476
-14.03849499038847 -14.32514713653867 -14.40694329767375
-14.029441645740778 -14.316663223522996 -14.403038169514646
-14.023415111328799 -14.31244477646354 -14.39857674850122
-14.01836835448013 -14.309355519240091 -14.393443064330844
-14.0141460903754 -14.307039286339402 -14.388444141298104
-14.010770602306224 -14.304984655220002 -14.384397941646323
-14.007849976355361 -14.3030287953401 -14.381217102015723
-14.005050148493993 -14.300992256503124 -14.378399598605327
-14.001459431927588 -14.298344892759047 -14.37533795456993
-13.996605563979847 -14.294330930566028 -14.371855479968408
-13.991515512990043 -14.289426344214508 -14.36734147266298
-13.986383584896888 -14.283623980941673 -14.362693265140365
-13.981180361706773 -14.277037759014163 -14.358198609590394
-13.977052230712273 -14.271289251837839 -14.354918767500719
-13.972919050041845 -14.266850436570982 -14.35226210802879
-13.969214972424393 -14.264107877968817 -14.350058111358415
-13.966232165286877 -14.262676694279136 -14.347832659480902
-13.963900983894991 -14.261978668778275 -14.345426450989015
-13.96200480418399 -14.261515106635072 -14.343072267868681
-13.960367905581487 -14.261183765416307 -14.341130080817418
-13.95888262607847 -14.26100179071521 -14.339429370019026
-13.957486778353921 -14.260898496405106 -14.33792133539453
-13.956154304073236 -14.260805300113098 -14.336548622828117
-13.954918780985192 -14.260669923558003 -14.335156979196583
-13.953652496478105 -14.260476273023482 -14.333658199759478
-13.95240064481196 -14.260377186220918 -14.331899153234492
-13.951159064917078 -14.260391912497306 -14.329438395229035
-13.949935229980833 -14.260316492924655 -14.326603222824525
-13.948715050467507 -14.25995517321467 -14.324080062419227
-13.947454962104922 -14.259319524013087 -14.321777764440336
-13.946034689100753 -14.258877735721402 -14.319485422799398
-13.9446876196376 -14.25888562479804 -14.317420814860354
-13.943446291908844 -14.259268613171855 -14.315782646691915
-13.942441905035032 -14.25965444161326 -14.314491688280802
-13.941471801361708 -14.259920040526712 -14.313234805786903
