-28.198322147437203 -28.395465405198777 -28.219327892409257
-26.035242103398712 -26.280305093654434 -26.085277165324225
-25.57891201603531 -25.821345207377675 -25.62311736911195
-25.236118827475128 -25.47085841934251 -25.276450426310156
-25.001904225197766 -25.25323728975535 -25.073361669045678
-24.841556358057414 -25.131282253440368 -24.923799051157218
-24.747080188030093 -25.045445097477064 -24.82677844298022
-24.603178264149406 -24.8552095279052 -24.699820140446572
-24.49738378093908 -24.753940892584097 -24.580412275056077
-24.483487157988094 -24.752429759174312 -24.578958582917007
-24.432611294038495 -24.707736047400612 -24.53436169772125
-24.42779092037392 -24.72928134556575 -24.50985443961562
-24.394467218337137 -24.692653980313455 -24.512641944076265
-24.36039648023365 -24.620213350535167 -24.456159831260194
-24.336781539257462 -24.64200950879205 -24.4289256060104
-24.304682880800442 -24.590454176223243 -24.434369185231443
-24.2902319539023 -24.54613137901376 -24.400247247145188
-24.2508782850473 -24.524742569762996 -24.357523832585645
-24.21498232598679 -24.487601538608562 -24.325756477492863
-24.2028180621534 -24.48054102159786 -24.305766020085645
-24.188787800980673 -24.479406775611622 -24.284159773909053
-24.17628888410333 -24.44762578841743 -24.288365524316884
-24.119187294843826 -24.39591157779052 -24.2331690329323
-24.00239736457144 -24.259916141055047 -24.113568403981443
-23.99871188045384 -24.236786243310398 -24.10479128963601
-23.993951556383543 -24.2445330418578 -24.07497347509686
-23.97646087760969 -24.232816083715598 -24.059874592169656
-23.954637389648916 -24.20779756785168 -24.062998636317293
-23.950475968693933 -24.2155921492737 -24.027193999796086
-23.94210773120209 -24.21181073203364 -24.05316769473899
-23.948058853062307 -24.25136240921254 -24.043480131015496
-23.92035161984179 -24.1493812117737 -24.00478762553528
-23.922129215258522 -24.178052131116207 -24.012826742200243
-23.931445344356547 -24.188019041475535 -24.034101227951673
-23.89495271213913 -24.147834241207953 -23.99616822683014
-23.873025849677866 -24.1526668816896 -23.992485805592374
-23.87691696781724 -24.152233252102448 -23.969930477671287
-23.867913988592807 -24.146654601490827 -23.975417468520597
-23.861597312836405 -24.17380841456422 -23.97899195809543
-23.8421232453413 -24.12506152045107 -23.92495523424755
-23.831355572602348 -24.1163076978211 -23.938655386546696
-23.843358323733895 -24.138421014908257 -23.927366371839316
-23.831742629668895 -24.11447701643731 -23.93212890625
-23.817425340992497 -24.104305237003057 -23.928081269754284
-23.82338824977573 -24.103891915137616 -23.940168022914968
-23.813277777636195 -24.08656046922783 -23.896031938213703
-23.80373180353939 -24.07713529720948 -23.891684403038337
-23.793516523354672 -24.08542622324159 -23.884541796237766
-23.758692059309247 -24.06137650516055 -23.855037023348288
-23.74774407850473 -24.020928301796637 -23.826477747756933
-23.72962662213546 -24.00548248757645 -23.8398059141772
-23.716954405633256 -24.00724567564985 -23.800294163565457
-23.697859431067524 -23.986126839640672 -23.793803129460645
-23.6910010347007 -23.985427417813455 -23.796117885272228
-23.6841445497268 -23.96151268635321 -23.783034656020597
-23.68701259480509 -23.969605910741592 -23.778137904006933
-23.687867465289106 -23.969385512232417 -23.76962683523654
-23.682259916306474 -23.973741518539754 -23.764763538055668
-23.678921668569565 -23.96804341074159 -23.767919842220635
-23.625701162636602 -23.8911452360474 -23.707485678145392
-23.58611191460406 -23.847358204319573 -23.675458649826673
-23.583561797881668 -23.836505518922017 -23.654011712377653
-23.5869261679885 -23.813713087729358 -23.675684469948003
-23.579179292478795 -23.829158304663608 -23.66832480500612
-23.576344218928398 -23.82188157014526 -23.66716981673124
-23.575060240733567 -23.81500382262997 -23.64583718329425
-23.57095472802153 -23.799928325688075 -23.638248113784666
-23.577927170832655 -23.824485139525994 -23.669324865543434
-23.565729616905887 -23.810601228019877 -23.647977097777325
-23.56170470126203 -23.80220756880734 -23.665436537775285
-23.559266401025525 -23.80827718845566 -23.65421124655893
-23.563397876824745 -23.784689769686544 -23.644066865059134
-23.55778363796689 -23.784349316704894 -23.645185610598492
-23.55471808228674 -23.796485569571864 -23.642553830419047
-23.55186166484872 -23.796401949541284 -23.639173697491845
-23.549322060787393 -23.77811663799694 -23.64590011024164
-23.539945085681374 -23.774027021215595 -23.624735945784053
-23.538826124408743 -23.771972357607034 -23.62641665285991
-23.529277601788046 -23.754510703363913 -23.615786379741028
-23.530806875407762 -23.761461319762997 -23.624531234069128
-23.525442232608874 -23.757605839067278 -23.621861219795065
-23.525061546852065 -23.75948490061162 -23.613315103104608
-23.522963952403767 -23.74671194094037 -23.621804266924958
-23.514868884816913 -23.751897577408258 -23.607371692750817
-23.51488911372533 -23.75434943616208 -23.603640284079322
-23.51028042682678 -23.740208691704893 -23.604620431025694
-23.50558206374368 -23.7425124235474 -23.598915983763256
-23.508249093999755 -23.73830334957951 -23.609450671645597
-23.502297972139537 -23.7422824684633 -23.596000634048735
-23.50331085110504 -23.74344299503058 -23.601992235292617
-23.501610826384358 -23.735993644877677 -23.598963378109705
-23.50147607318341 -23.745772410168197 -23.60051584165987
-23.49819293727573 -23.73724555619266 -23.592701350300775
-23.49520941220845 -23.732666164946483 -23.588313589671696
-23.498511662045342 -23.73799335818043 -23.59471580916089
-23.494301182005383 -23.73496571578746 -23.586783031071572
-23.493412862145245 -23.7284845661315 -23.590116167924144
-23.49296193269858 -23.730646741207952 -23.590203389452487
-23.490704896224106 -23.731141293960246 -23.58507524151203
-23.49011236441853 -23.729757382454128 -23.583924634227163
-23.27138386758889 -23.5302734375 -23.38677410978283
-23.25130213642758 -23.516858992737003 -23.375855886138865
-23.242396797524872 -23.51274787366208 -23.372637849841965
-23.235724443402383 -23.509634819380732 -23.37050988351346
-23.230382100187573 -23.506152642392966 -23.36825685983381
-23.22634268981406 -23.504376911314985 -23.36788328086766
-23.223329697439244 -23.503605815175842 -23.366979203838703
-23.220976613470476 -23.503234303325687 -23.36585249286297
-23.219033045435083 -23.50297806766055 -23.36482335848287
-23.217437510194095 -23.50267524369266 -23.36386312512745
-23.21595888848679 -23.50220517966361 -23.36285948014376
-23.214477718255587 -23.501442445527523 -23.361833133666394
-23.212999733679254 -23.500518444189602 -23.360781696064436
-23.211538314508235 -23.49971927561162 -23.35984456247451
-23.210115123195646 -23.499209193425077 -23.358970355831975
-23.208291335783315 -23.49879049598624 -23.357926883666394
-23.205957843591992 -23.498200974770644 -23.35643336434543
-23.20375241472639 -23.497198728975537 -23.354551530001018
-23.201546667295304 -23.496022075688074 -23.352281380633155
-23.199242642411516 -23.49462562117737 -23.349567954730833
-23.19671976303825 -23.492848695527524 -23.34645346910685
-23.1939585966808 -23.49074983275994 -23.342831585185564
-23.191003901790083 -23.48856018253058 -23.338969543357464
-23.188003014903767 -23.486362767584097 -23.33566269244494
-23.18507619449315 -23.483717985474005 -23.333316871431485
-23.182713872125266 -23.481980480695718 -23.33155451863275
-23.181128530979855 -23.48207485187309 -23.330156584548327
-23.179935025383298 -23.48257537748471 -23.32884587199225
-23.17892230570054 -23.482918816896024 -23.327617203430872
-23.177989545954983 -23.48311054568043 -23.32650124579425
