-61.240613861488725 -64.10726983532935 -59.58673725676819
-58.86423190898541 -61.87265313123753 -57.50118311125212
-56.76038644589965 -59.95227903567864 -55.502941254230116
-55.432607257819406 -58.8466465506487 -54.222894194162436
-54.631581651331786 -58.07991049151697 -53.62702583016075
-54.23106280393457 -57.64676116516966 -53.192305150169204
-53.896579354553495 -57.37516373502994 -53.01750872461929
-53.659577738174185 -57.213767776946106 -52.76499378701354
-53.554425874502655 -57.1649435503992 -52.784690276015226
-53.33229330722259 -56.9294964757984 -52.641319003807105
-53.194504310344826 -56.859788236027946 -52.569370637690355
-53.02202057775199 -56.77395989271457 -52.40058891180203
-52.971644717755304 -56.75513816117765 -52.35517131979695
-52.83318870537688 -56.64312780688623 -52.304105858714045
-52.912020439599914 -56.777074756736525 -52.37245862415398
-52.61605853848917 -56.55518260354292 -52.13258116539763
-52.36336198262047 -56.344794785429144 -51.86602752220812
-52.44967465185676 -56.486187780688624 -52.02255181895093
-52.33424859084881 -56.39281203218563 -52.02858965207276
-52.21239759477233 -56.3310215506487 -51.92169323709814
-52.14019586510831 -56.331715475299404 -51.84872369395093
-52.04719749875663 -56.284711826347305 -51.85977818316413
-52.026034327337534 -56.17183601546906 -51.78751586294416
-51.89707583858311 -56.07617967190619 -51.76051250528765
-51.821523057581786 -56.069252120758485 -51.79491526543993
-51.76676820844386 -56.01916479540918 -51.7155179251269
-51.74844363049845 -56.13770895708583 -51.724143401015226
-51.62584963527851 -55.97154129241517 -51.63481189192047
-51.6602473440263 -56.067755114770456 -51.73336043252961
-51.50783106418545 -55.826374594560875 -51.65139527813029
-51.45616866296419 -55.94716816367266 -51.588425999365484
-51.430410639782274 -55.94193643962076 -51.523629177241965
-51.32137454409814 -55.83578546032934 -51.57046782466159
-51.34692318053713 -55.847122161926144 -51.48695933798646
-51.26808410698497 -55.852478636477045 -51.43651848032995
-51.21230304694408 -55.80281624251497 -51.53217864318951
-51.2301125766744 -55.8232753243513 -51.540959443739425
-51.06548106280393 -55.75444813498004 -51.393298567047374
-51.06085555854885 -55.72502650948104 -51.47653936653976
-51.00122135071287 -55.71140921282435 -51.456796610617594
-50.95905949519231 -55.69181558757485 -51.43004441624365
-50.90242491434571 -55.68437733907186 -51.36333082170051
-50.95023071396994 -55.74632375873254 -51.36126202939932
-50.85756563950597 -55.69224831586826 -51.401358925549914
-50.832567884477236 -55.66508389471058 -51.327209575930624
-50.7757217582615 -55.60576503243513 -51.33004177241963
-50.74350944269452 -55.64243388223553 -51.32187235617597
-50.75499117553603 -55.58490440993014 -51.32800933269881
-50.6043911637931 -55.555482784431135 -51.26662634835025
-50.642100205155835 -55.609226858782435 -51.30695788388325
-50.586674886715294 -55.533760603792416 -51.186670500211505
-50.5478925763981 -55.473092876746506 -51.17234758354484
-50.5320534406775 -55.496362743263475 -51.14668596658206
-50.4196507515473 -55.457035148453095 -51.148467243020306
-50.431241710875334 -55.45995508982036 -51.162575348984774
-50.412956419927056 -55.42582803143713 -51.25268348138748
-50.380909886853445 -55.44988928393214 -51.21344252326565
-50.338883161333996 -55.47587637225549 -51.12951763430626
-50.2882059571176 -55.4581656998503 -51.115085659898476
-50.22045315608422 -55.391131798902194 -51.11993046742809
-50.282830114389924 -55.382305701097806 -51.09655575824873
-50.25416312651967 -55.37164733033932 -51.16926091899323
-50.17110178008952 -55.408791791417165 -51.06692510046531
-50.12254607371795 -55.36758124376247 -51.03903606175973
-50.10535002555813 -55.382375873253494 -51.055173302664976
-50.10732775889699 -55.3716629241517 -51.08734533629442
-50.066489572971925 -55.36710953093812 -51.0653123678088
-50.05256038972701 -55.315922841816366 -51.00074357550761
-50.03373026152188 -55.30105414171657 -50.97198537965313
-49.980584452365164 -55.3169754241517 -50.985981123096444
-49.98158389630305 -55.26075193363273 -51.00860234242809
-49.92501148389147 -55.288505021207584 -51.01292499471235
-49.913609188494696 -55.27260712949102 -51.013271996615906
-49.89071177677387 -55.259282216816366 -50.96735538282572
-49.88301584258952 -55.24605086701597 -50.95444030245347
-49.86404410850464 -55.272552551147704 -50.95601668252961
-49.82899363118921 -55.2583154004491 -50.98496986040609
-49.81967225146441 -55.23479993138722 -50.965762478849406
-49.781577247734305 -55.239676896207584 -51.00272313874788
-49.74901048574271 -55.26033869760479 -50.96543530562606
-49.72656681725243 -55.22832070234531 -50.94628410532995
-49.704843698192974 -55.186463011477045 -50.93231149534687
-49.70788390735522 -55.200103698852296 -50.946075904187815
-49.68132503384726 -55.21329606412176 -50.92823670156515
-49.68448914815429 -55.204169785429144 -50.92687182741117
-49.65673396399757 -55.18575349301397 -50.89545658840947
-49.63454976237843 -55.15412924151697 -50.919393110194584
-49.61600025558134 -55.139549026946106 -50.903695405033844
-49.606931435123784 -55.17109141092814 -50.89574410427242
-49.587088911223475 -55.162553798652695 -50.88192020939086
-49.600912753509064 -55.14335391716567 -50.89912489424704
-49.57255056366048 -55.13740487774451 -50.91547364107445
-49.55651412950376 -55.15106505738523 -50.893566254230116
-49.54217049002542 -55.1271402507485 -50.87474553193739
-49.523802739555705 -55.11827516841317 -50.86897538599831
-49.51045120468612 -55.11219748003992 -50.87634174069374
-49.499462070347036 -55.10959721182635 -50.87079962457699
-49.48800494584439 -55.100350081087825 -50.86749814932318
-49.47808562665782 -55.10624454216567 -50.86100756133672
-49.47067247250774 -55.11075115394212 -50.867564244923855
-48.58222725326039 -54.73628524201597 -50.425906831641285
-48.46615360438771 -54.842896238772454 -50.52938279928088
-48.40283332642573 -54.919621694111775 -50.60199873096447
-48.35880555440429 -54.97545923777445 -50.653126982868024
-48.324241199712645 -55.018552738273456 -50.69207712034687
