-10.727190878823839 -11.049321392103472 -11.060041313379083
-10.696026789385407 -11.047357963006297 -11.048904335866606
-10.634994867519623 -11.00757384381382 -11.00798641142525
-10.636332573385962 -10.991722818456433 -11.00570673172357
-10.683645345074236 -11.092751499744724 -11.099438122093353
-10.667039817130576 -11.028271451135977 -11.04442362430524
-10.676984352315003 -11.045754844920014 -11.04758969841765
-10.659373506866464 -11.025192852812287 -11.065169429605971
-10.6571250781569 -11.010346310734343 -11.045851248794804
-10.63331810514354 -10.998551775761573 -11.012752747578975
-10.648460517295891 -11.004444389784718 -11.030869111824382
-10.623521952873338 -10.986652870256126 -11.021960305215659
-10.612211422037339 -10.97205329412015 -11.009815804538622
-10.612287097766663 -10.955523860300374 -10.98587999845806
-10.627273306884046 -10.995262109640912 -11.027889410943171
-10.593109303932161 -10.951055538418993 -10.987522796797016
-10.596816617149573 -10.97672769794503 -11.00053973466212
-10.58664394711135 -10.962057987470217 -10.99373952100584
-10.581428103803706 -10.949505602769742 -10.98061668548307
-10.587535485182444 -10.946501792248128 -10.98484899171251
-10.579511221629577 -10.957599637295779 -10.973842890855405
-10.570243182272526 -10.942713208390062 -10.965554183710724
-10.57631799827594 -10.9599725711581 -10.974775698570072
-10.568618369423744 -10.929954076965624 -10.957343736707408
-10.559639829607322 -10.922684702603812 -10.93917458979058
-10.571550095028867 -10.966280008190095 -10.976027251588022
-10.561880659729312 -10.949053219664737 -10.971819425884046
-10.543219636309889 -10.924784411695882 -10.943577871997647
-10.54123352502155 -10.934506825965792 -10.948990394329202
-10.539731308626537 -10.919749364469878 -10.931522542465403
-10.531571998456002 -10.906161916588665 -10.930217874461206
-10.537547257454857 -10.920665431947754 -10.945296548888384
-10.540651734622408 -10.910686080028931 -10.929621590892978
-10.532302348995906 -10.914940342601259 -10.934897697988742
-10.532987905529751 -10.911276737470217 -10.92878011436947
-10.533200289375483 -10.905852461283185 -10.936979871912573
-10.526762513433772 -10.905098267848025 -10.916926056849762
-10.527833493368892 -10.90800601759275 -10.921776579425902
-10.52786610305085 -10.909945846983492 -10.906653319426328
-10.52269667094137 -10.918734909483492 -10.924096579993053
-10.508791322138288 -10.89571190010211 -10.904445530498526
-10.511787137288179 -10.889411443264976 -10.894026796095169
-10.509025416234234 -10.880531970622021 -10.899313315722125
-10.509435917189839 -10.885450348876788 -10.89529740182977
-10.506970541051336 -10.88094912036249 -10.907666436557111
-10.494090647117872 -10.86726295258254 -10.87635445984219
-10.500144727616998 -10.887324697391934 -10.89603901774827
-10.496312336774364 -10.86793936670354 -10.883948130529719
-10.495657972110216 -10.87405069349898 -10.880087407660787
-10.49180582050922 -10.867473023208815 -10.876866446216397
-10.496908659749161 -10.866213929012083 -10.883529801550448
-10.497131721493467 -10.873520198689585 -10.885250693873354
-10.493018138603908 -10.871236013019061 -10.878689525348088
-10.494737169507962 -10.867666474323519 -10.882545041951424
-10.495631299517093 -10.871904449774506 -10.884155605752325
-10.4878852151601 -10.862616137146869 -10.875115977874035
-10.48866144521857 -10.861168245298673 -10.874563006004708
-10.488465654206932 -10.86266466612066 -10.874272119760946
-10.4820472624172 -10.854869450412696 -10.875679362274557
-10.486130761102888 -10.863617296523996 -10.880532100282867
-10.487017447597658 -10.865489983087985 -10.881842306867485
-10.485986255019055 -10.85388923162015 -10.872754770268546
-10.481379184850109 -10.857443812755276 -10.874379346677916
-10.480237513681889 -10.854572293545779 -10.874920299827728
-10.478080866162776 -10.845238111066202 -10.87000575126191
-10.47910840344415 -10.848656079816202 -10.866589831786666
-10.482107873891271 -10.848963540780293 -10.865120003314287
-10.477922026883139 -10.849791857237067 -10.858972622132345
-10.476132304745985 -10.84828878861045 -10.867895662892751
-10.472799005971826 -10.84228515625 -10.859288819688635
-10.47448609179342 -10.85067269135041 -10.865863003877893
-10.471275145786546 -10.844909044737067 -10.856102529757685
-10.472842891691904 -10.846378874340537 -10.872165853012278
-10.47058028485975 -10.844356944562628 -10.858743435674484
-10.47132277541712 -10.844031534526039 -10.860785676433473
-10.470415286958112 -10.836541453050545 -10.860375378395814
-10.468677359275045 -10.839806189903847 -10.858616768340234
-10.467831700722517 -10.839954768337304 -10.863471112536864
-10.468537394621103 -10.836703659483492 -10.85451805267057
-10.465960609453688 -10.835714466154696 -10.8570294111913
-10.466423503002927 -10.837392039652824 -10.856486353380927
-10.464416833436834 -10.83738871575051 -10.856279044315732
-10.464051813240099 -10.836739225238258 -10.859288985846048
-10.463757417816513 -10.838640497362151 -10.857281859686934
-10.461766011885521 -10.830975911015146 -10.851948095968977
-10.462572503374393 -10.832414828327094 -10.852993835338447
-10.46298683685376 -10.833048364108237 -10.84886066969856
-10.460543148812157 -10.833852416078114 -10.855141973755105
-10.460544810310898 -10.830309468601088 -10.847066391185061
-10.459567051531804 -10.83088284175034 -10.847864888324494
-10.45879277096519 -10.827603147336623 -10.852562269151967
-10.458667516113437 -10.831566900846664 -10.849227046793471
-10.458045650364662 -10.829703853599387 -10.849616962855178
-10.45703209182603 -10.828114031122363 -10.84937088372703
-10.457130452551494 -10.831202601152995 -10.850121582917422
-10.456287762543385 -10.827050714771953 -10.8481012195511
-10.456974183056577 -10.824753898272634 -10.84671590981596
-10.454598195550338 -10.828421159696221 -10.849703253938152
-10.45544106278498 -10.827054703454731 -10.847761095327387
-10.45461607327679 -10.827679597089857 -10.848077957513327
-10.444131971914556 -10.83656139646443 -10.858286613561281
-10.440703967712162 -10.843230806458475 -10.864961710685828
-10.438531524878352 -10.84736972962049 -10.86902287478023
-10.4369042087048 -10.85004048513019 -10.871585077469232
-10.435574898945431 -10.851856997745065 -10.873275341442406
