-31.294386518507995 -31.221684283088237 -31.46069020114661
-28.905039515647044 -28.885377987132355 -29.16070405906997
-28.02544987091433 -27.969484145220587 -28.223338044516858
-27.795217032940116 -27.754781709558824 -28.016628359589376
-27.729094612204108 -27.729372702205882 -28.021031887005098
-27.638138585225935 -27.688708639705883 -27.88112045521364
-27.58127299415073 -27.555091911764706 -27.834628270776165
-27.518133153585005 -27.530144761029412 -27.77619415486574
-27.415086750102876 -27.40966911764706 -27.680936244364954
-27.37337372261522 -27.38533203125 -27.564732963176205
-27.329199616784567 -27.358289292279412 -27.617082225720306
-27.295934796426753 -27.33218635110294 -27.551913235618386
-27.298313052961866 -27.323118106617645 -27.583252814460014
-27.258835142655588 -27.28618221507353 -27.556517358388867
-27.216620591614085 -27.217562040441177 -27.513654648299685
-27.246045450036252 -27.28287224264706 -27.526026864464917
-27.211145779241456 -27.268754595588234 -27.48509354481086
-27.165369125009796 -27.186848575367648 -27.44792827873873
-27.14875722892009 -27.189712775735295 -27.475153355914347
-27.111053940419737 -27.16191521139706 -27.445251249509997
-27.090023401370708 -27.078516773897057 -27.387450693355547
-27.111561970307847 -27.16498046875 -27.40368896388671
-27.06425318917542 -27.08332261029412 -27.367109405625246
-27.0685338213033 -27.061611902573528 -27.402089943282046
-27.058225414935727 -27.100569852941177 -27.368980990910426
-27.007015129600056 -27.011214384191177 -27.329969405380243
-27.031119490589237 -27.045338924632354 -27.351168582786162
-27.053982825726994 -27.091115579044118 -27.394171403371228
-27.008234799366083 -27.065851332720587 -27.31851709501176
-26.980841371590376 -26.99914866727941 -27.285554761000586
-26.946670946048556 -27.027081801470587 -27.271904706487653
-26.972067924292602 -27.018133042279413 -27.288343189558017
-26.977197058953205 -26.98035271139706 -27.300308855595844
-26.94244933019968 -26.976233915441178 -27.236246585285183
-26.933184004031784 -27.003381204044118 -27.23527614783418
-26.89211625181259 -26.915412454044116 -27.222296403371228
-26.91231673570015 -26.989396829044118 -27.23839035243532
-26.944629794173263 -26.950504365808822 -27.271255068478048
-26.900475666616046 -26.94316521139706 -27.236068193233045
-26.893396621850016 -26.987926240808825 -27.226312904253234
-26.871673579200305 -26.930419347426472 -27.229603586828695
-26.873861927320114 -26.94626838235294 -27.204655879434537
-26.882225858284997 -26.92302734375 -27.214163869560956
-26.831712592711437 -26.897581571691177 -27.145438522883182
-26.821470550953322 -26.868586856617647 -27.164154375735006
-26.831916968152335 -26.91883731617647 -27.16412145359663
-26.80952430888952 -26.854712775735294 -27.111558197153077
-26.820383533861108 -26.85776424632353 -27.139022916870836
-26.79690638349467 -26.872522977941177 -27.11444118115445
-26.79268905417189 -26.884927619485293 -27.100061097363778
-26.773884599981383 -26.842349494485294 -27.11577414494316
-26.772192111077363 -26.82616153492647 -27.104520133036065
-26.77248428375823 -26.842385110294117 -27.087774631884557
-26.764327713493493 -26.82033203125 -27.088779139920618
-26.755690593034764 -26.817503446691177 -27.08932235520384
-26.755324707413976 -26.841537224264705 -27.10087572888083
-26.737784395697798 -26.800202205882353 -27.075695269624656
-26.71274450038701 -26.7780859375 -27.070381789616818
-26.726625649714883 -26.789263556985293 -27.028348640851625
-26.716344799586533 -26.786421185661766 -27.045602138254605
-26.709558463317133 -26.801015625 -27.05164564754018
-26.709164409096253 -26.779383042279413 -27.0515912877303
-26.697118122575052 -26.773828125 -27.022379780600744
-26.686153188808003 -26.782958409926472 -27.01120654277734
-26.71317238754605 -26.814137178308822 -27.05817227006566
-26.674694768723548 -26.739493336397057 -27.01699012029596
-26.66361716055612 -26.750736443014706 -26.996385838274207
-26.657803406441058 -26.74446461397059 -26.995715528224224
-26.66334435378782 -26.72829044117647 -27.019178676866915
-26.66624127998119 -26.74497931985294 -27.014371279032733
-26.63816667728092 -26.725874310661766 -26.98755351761564
-26.632926781847665 -26.70262408088235 -26.972759993017444
-26.64648498736087 -26.705639935661765 -27.00398319592807
-26.620214552878586 -26.718018152573528 -26.969698616963935
-26.61267677327461 -26.69828010110294 -26.962418230595844
-26.612986015514775 -26.70286075367647 -26.96073269367405
-26.60544670500862 -26.69564453125 -26.947884637764602
-26.594742330792442 -26.691648667279413 -26.95279922395629
-26.58550838811922 -26.66932559742647 -26.931657851700315
-26.582529252478835 -26.67961856617647 -26.93445967880243
-26.58726088838866 -26.674893152573528 -26.943226537999806
-26.588227423479385 -26.66715992647059 -26.93197290890827
-26.574314584476408 -26.64823988970588 -26.920122853170326
-26.577762099638463 -26.652257582720587 -26.92797669725108
-26.55996383090512 -26.637386259191178 -26.90902196748824
-26.56053891430867 -26.641887637867647 -26.91484344374755
-26.55672023191331 -26.645337775735292 -26.920549692522542
-26.554738479042562 -26.63085018382353 -26.91153591728734
-26.549627026302126 -26.64487362132353 -26.901481266537633
-26.555010290724447 -26.647528722426472 -26.90400248983242
-26.546806492127487 -26.634065946691177 -26.90108811495492
-26.541957436020535 -26.62413028492647 -26.8888843376372
-26.536007661246863 -26.63117991727941 -26.887038018179144
-26.533389588885406 -26.60959099264706 -26.884583021976677
-26.53896107773064 -26.622776884191175 -26.894835588372207
-26.531151869170323 -26.610913373161765 -26.88028170631615
-26.528476847247806 -26.61211971507353 -26.8823967622991
-26.52259244199718 -26.604809283088237 -26.875307400896705
-26.51729054502567 -26.605037913602942 -26.87256950399353
-26.51471097485401 -26.6069921875 -26.875089196026067
-26.374687160139715 -26.497616038602942 -26.760355926597413
-26.3535455541376 -26.491784237132354 -26.756714202151116
-26.342155718470764 -26.491440716911764 -26.75773019465406
-26.33487398225623 -26.493589154411765 -26.75943180982948
-26.329825373050245 -26.495884650735295 -26.761348184535475
-26.325897078058865 -26.49772288602941 -26.762951033295767
-26.322519142400846 -26.499155560661766 -26.76419212134947
