-49.261108448039415 -52.80577456039755 -50.821430276221996
-37.159336826366314 -39.959635416666664 -38.11065586812627
-31.310788535529255 -35.008505351681954 -32.55757939791243
-26.779732578220237 -29.466020403287462 -27.61337274058045
-24.255798662256197 -26.72718965022936 -24.87952878373218
-22.4470565033269 -24.663289014717126 -23.242004518839103
-21.586281142066234 -23.577848755256117 -22.157918708630348
-20.47711685100061 -22.559412031727827 -21.282232529276985
-20.029272074042563 -21.83778908639144 -21.05149726323829
-19.287255006222065 -21.52109763235856 -20.31081736889002
-18.75858688509498 -20.745574111238533 -19.733820089740327
-18.70358550417767 -20.84495801079893 -19.546077440809572
-18.218109143259852 -20.18723570097477 -19.163173450229124
-18.25368204934478 -19.956009891055047 -18.934367442082486
-17.808538394263003 -19.404259544629205 -18.626064075229124
-18.066488589178686 -20.08818777475153 -18.695511392566193
-18.053875814265034 -19.46403890720566 -18.941103933299388
-17.80976872015949 -19.459151615061163 -18.492147721486763
-17.74186310347674 -19.32318245890673 -18.476504821155803
-17.739599867304957 -19.374290722954893 -18.521440618635438
-17.77801793922694 -19.31060511037844 -18.46048999172607
-17.684828837680314 -19.144210208811163 -18.530175980142566
-17.573744555693825 -19.403556240443425 -18.292537153131363
-17.471537230800486 -19.027605062595565 -18.27271949783605
-17.647896839127895 -19.253812177465598 -18.361948669806516
-17.434269724895877 -19.023325508887616 -18.241539110234214
-17.371427670090917 -18.878331362289757 -18.217811227087576
-17.37871617546221 -18.826143503918196 -18.255773851196537
-17.342000838073954 -18.71596664755352 -18.044778672352344
-17.29068349057802 -18.620190355026757 -17.890268982306516
-17.156271824842545 -18.747058366781346 -17.860136758528512
-17.207948885425132 -18.858665722954893 -17.91190252673116
-17.24736375742838 -18.70172735091743 -17.926441573319757
-17.186250825375865 -18.77195623088685 -17.851632112398168
-17.280686522247056 -18.70176916093272 -17.889177062118126
-17.216314545979785 -18.81773222477064 -17.9769125509165
-17.2437140485321 -18.860681562977827 -18.14297591013238
-17.084034175322532 -18.628302991207953 -17.896231781440935
-17.024113276488215 -18.48078531154434 -17.749496801807535
-17.00191423709874 -18.39450586534786 -17.72611698065173
-17.01117650186662 -18.50886521645642 -17.672923163823828
-16.86857456794748 -18.37837466551988 -17.53097751718432
-17.009330318595083 -18.479496667144495 -17.644620751654784
-16.99669016342442 -18.4992205418578 -17.630451645239308
-17.0174537233975 -18.544439566609327 -17.70689600305499
-16.879928843077 -18.196350284308103 -17.564496881364562
-16.8596301522501 -18.329401698681192 -17.47047439854888
-16.86675338404104 -18.317584396502294 -17.47298641165988
-16.855493154142117 -18.32941663082951 -17.617456004964357
-16.850304198623526 -18.30487863149847 -17.605202233961304
-16.781286705417006 -18.285811771311163 -17.52773755728106
-16.75658753111032 -18.255880280007645 -17.591494558299388
-16.768067596695957 -18.193480325401374 -17.531182376527497
-16.71013156808716 -18.102601777522935 -17.477479394730143
-16.724527631044293 -18.11322152140673 -17.4630159273167
-16.74159465791345 -18.103605217889907 -17.442333089358453
-16.71294419506806 -18.1369158543578 -17.40878389129328
-16.7114101070449 -18.125204570431958 -17.372698813009166
-16.693029224654612 -18.14182405150994 -17.295168501782076
-16.710590088188237 -18.130100821865444 -17.443854617489816
-16.5597574109229 -17.97100027475153 -17.261826151985744
-16.63095322182294 -18.156045429568042 -17.362268886838084
-16.59442379241162 -18.028323298929664 -17.396776747072302
-16.610899961270825 -17.99960280485474 -17.341653672352344
-16.5598734794037 -17.987076225630734 -17.200959059954176
-16.581453090080252 -18.0039391007263 -17.302364434826885
-16.56840560398466 -18.07944350869648 -17.222248520239308
-16.5649037087947 -18.079861608849388 -17.227373981670063
-16.552407795992483 -18.112342017870795 -17.20579612716395
-15.183739778037383 -16.828395271884556 -16.06627995322047
-15.149081729670357 -16.829816812404435 -16.080638007573828
-15.137991535135615 -16.83277636420107 -16.09069302125764
-15.13204882891863 -16.832102924311926 -16.09461021034878
-15.127971353108492 -16.829500250860093 -16.09566036309827
-15.124820441068163 -16.826170381785168 -16.095097497135946
-15.122179436712718 -16.822594132262996 -16.0938882303335
-15.11984199607629 -16.818992498088686 -16.092479076502038
-15.11767161468915 -16.815544665042047 -16.091096773167006
-15.11564904700833 -16.81228497706422 -16.089746292642566
-15.113776673925742 -16.809232845948014 -16.088455479887983
-15.11199120339801 -16.806289719514528 -16.087212401349287
-15.11032477746597 -16.80347052991208 -16.08603794074593
-15.108776205683665 -16.800803648222477 -16.08500171047607
-15.107277235816234 -16.798278621941897 -16.08401619781059
-15.105818145888358 -16.79581481746942 -16.083082397212323
-15.10436838112048 -16.79337191800459 -16.08216848587067
-15.102924965397705 -16.790890194954127 -16.08129435304226
-15.101425201899634 -16.78836666188838 -16.08044010947047
-15.099890320245835 -16.785831183103976 -16.079275593495417
-15.098360597191183 -16.783324075401374 -16.0775949513111
-15.096836231143335 -16.78089162844037 -16.076801369971996
-15.09533547560697 -16.77859357081422 -16.07615099128055
-15.09384325159996 -16.776428409308103 -16.075543374490834
-15.092373447658472 -16.77413931097095 -16.07494769125509
-15.09096733257568 -16.771369397457953 -16.074433553971488
-15.089636017180515 -16.769667132549696 -16.074015879582486
-15.088307677900243 -16.768111202694953 -16.073631022466905
-15.087024377158675 -16.766641879300458 -16.073269037996436
-15.08574722705455 -16.76522929806957 -16.072974676998474
-15.084498647653392 -16.76385404720948 -16.072679321537677
-15.083277051693925 -16.76253852494266 -16.072416783350306
-15.08205863025701 -16.761267799120795 -16.071861873090633
-15.080904492901768 -16.76006426796636 -16.071160776794805
-15.079783291218002 -16.75890702647171 -16.070899233070264
-15.078695422021028 -16.757800554281346 -16.070670506619145
-15.077639298049574 -16.756722453172785 -16.070382112398168
-15.076608768666192 -16.75565331135321 -16.070077806771895
-15.075608000431735 -16.754622993119266 -16.069737700483707
-15.074639374238114 -16.75359118167049 -16.069350854442465
-15.073689795179805 -16.752574302370032 -16.06894213021894
-15.072760453702763 -16.75155592985474 -16.068489649630855
-15.07188170617889 -16.750568914850916 -16.068060041687882
-15.07101010133076 -16.749572940558103 -16.067586677380348
-15.070154964318366 -16.74861131020642 -16.067105357370163
-15.069296057560443 -16.747636240921253 -16.06661210380601
-15.068437944433157 -16.746680583428898 -16.066103933299388
-15.067575069522045 -16.745726419151374 -16.065571895684826
-15.066707036011783 -16.744778227733182 -16.06503389129328
-15.065815391990045 -16.743804651662845 -16.06446505855397
-15.06492970019809 -16.742844514525995 -16.063906170442973
-15.064044405221455 -16.741957544915902 -16.063378110679736
-15.063167244958859 -16.741121344610093 -16.062845078602344
-15.062258736286063 -16.74032546110474 -16.062285196028512
-15.061343481752845 -16.739571387614678 -16.061725313454684
-15.060385371165177 -16.738874056288225 -16.06114056931008
-15.059406626180923 -16.738260344992355 -16.060546875
-15.058370739790735 -16.737715321578747 -16.05988157936609
-15.05726422027377 -16.73726287748471 -16.059166560590633
-15.056050759028341 -16.736952288799696 -16.058380934954176
-15.054661310188948 -16.736779075879205 -16.057508791051426
-15.053092897640695 -16.736705908352448 -16.056479522021384
-15.051418733809935 -16.736355002866972 -16.055215559763237
-15.049825718711906 -16.73679998088685 -16.054626837767312
-15.048371787383177 -16.737488352924313 -16.05459501495672
-15.046963093000812 -16.73611310206422 -16.054294687181773
-15.04563515053586 -16.737524190080276 -16.0540321489944
-15.044370698521941 -16.738415639334864 -16.053861101387476
-15.043141761479074 -16.73861423690749 -16.05371193196283
-15.041858857552825 -16.73855450831422 -16.053508067082486
-15.040455321769606 -16.738003512041285 -16.053124204429736
-15.038834728006908 -16.736690976204127 -16.052376368380855
-15.036958981994108 -16.73442576930428 -16.051090527940428
-15.035100695855343 -16.731770833333332 -16.049572977660386
-15.03357117120835 -16.729539970374617 -16.048334871435845
-15.032321798176554 -16.728016891246178 -16.04749057249236
-15.031302776437423 -16.727095577694953 -16.04687698892566
-15.030360340054855 -16.726450508887616 -16.046401635692465
-15.02947068010971 -16.725971186926607 -16.046060534941446
-15.02865740711347 -16.725588923929664 -16.04579700229124
-15.027894926478059 -16.724734805045873 -16.04555733674898
-15.02720407100772 -16.724115120890673 -16.045371372199593
-15.026574920319485 -16.723835889717126 -16.045207285832486
-15.025972951480597 -16.72355665854358 -16.045019332357434
-15.025390029777022 -16.723214712347094 -16.04477370003819
-15.024841829413857 -16.722808557912845 -16.04452607879328
-15.024303747841325 -16.722317290233182 -16.044244645812118
-15.02376645989943 -16.721727470374617 -16.043906528449593
-15.023211116860525 -16.721022672974005 -16.043515704557027
-15.022645456623325 -16.720186472668196 -16.043079135374235
-15.022068685557192 -16.719242760894495 -16.042634610488797
-15.021532588061255 -16.71821094944572 -16.0422010246945
-15.02096514215512 -16.717082079032874 -16.04177440014002
-15.020402061217492 -16.715824792144495 -16.0413656759165
-15.0198104095769 -16.71451076309251 -16.040967890784113
-15.01920982959163 -16.71317134938838 -16.040612867553463
-15.018608257568062 -16.711840894973243 -16.040271766802444
-15.018002518983645 -16.710585101299696 -16.039970444564663
-15.017348765745632 -16.709424873375383 -16.039691994971996
-15.016704536075274 -16.708409487289757 -16.03943542356161
