-41.46074791666667 -41.350853515625 -41.605622395833336
-40.577181510416665 -40.454828125 -40.744936197916665
-40.37643359375 -40.218826171875 -40.50709375
-40.282131901041666 -40.190470703125 -40.442563802083335
-40.21170169270833 -40.1289375 -40.38375130208333
-40.157826171875 -40.088234375 -40.319955729166665
-40.108990625 -40.044744140625 -40.29721223958333
-40.060808203125 -39.996201171875 -40.23819010416667
-40.04542265625 -40.0294765625 -40.252088541666666
-39.98799921875 -39.95435546875 -40.17356640625
-39.9462671875 -39.898796875 -40.15442317708333
-39.91141953125 -39.893287109375 -40.133552083333335
-39.90350572916667 -39.9055859375 -40.16734375
-39.889259375 -39.89295703125 -40.1150390625
-39.85463059895833 -39.8381484375 -40.098013020833335
-39.846540625 -39.82940234375 -40.08016536458333
-39.819477604166664 -39.8124765625 -40.0829921875
-39.79866328125 -39.80078125 -40.05930729166667
-39.788251692708336 -39.811162109375 -40.03899479166667
-39.78420729166667 -39.807232421875 -40.049760416666665
-39.733016796875 -39.755974609375 -40.018166666666666
-39.745652864583334 -39.79976171875 -40.03991536458334
-39.74555052083333 -39.784822265625 -40.03836458333333
-39.730180338541665 -39.80755859375 -40.02393229166667
-39.71594557291667 -39.797240234375 -40.00193489583334
-39.704656901041666 -39.736326171875 -39.98761979166667
-39.68511796875 -39.746134765625 -39.98573828125
-39.668478255208335 -39.735232421875 -39.97707942708333
-39.668924609375 -39.730671875 -39.97935286458333
-39.668311458333335 -39.739255859375 -39.97850911458333
-39.66751901041667 -39.74637109375 -39.9967109375
-39.629554427083335 -39.713830078125 -39.93659375
-39.63003489583333 -39.697927734375 -39.965080729166665
-39.62978020833334 -39.70571484375 -39.941454427083336
-39.618035677083334 -39.700076171875 -39.95002604166667
-39.595990494791664 -39.682158203125 -39.93814322916667
-39.608263020833334 -39.699357421875 -39.95438020833333
-39.60749752604167 -39.699283203125 -39.94996354166667
-39.5937328125 -39.67834765625 -39.93713411458333
-39.570556640625 -39.672880859375 -39.921557291666666
-39.57597239583333 -39.6643046875 -39.936135416666666
-39.56592721354167 -39.682294921875 -39.9370390625
-39.550194921875 -39.6564609375 -39.907955729166666
-39.5532578125 -39.6527109375 -39.88585026041667
-39.54720572916667 -39.6448828125 -39.8903828125
-39.54024153645833 -39.64619921875 -39.89789453125
-39.519722135416664 -39.631498046875 -39.89031119791667
-39.52557604166667 -39.640970703125 -39.905450520833334
-39.517422135416666 -39.62875390625 -39.870294270833334
-39.51528828125 -39.6195703125 -39.877084635416665
-39.512386328125 -39.622390625 -39.88432682291667
-39.50064973958333 -39.6012421875 -39.87134765625
-39.50376315104167 -39.6061484375 -39.888041666666666
-39.493775390625 -39.608447265625 -39.86060416666667
-39.48022317708333 -39.595484375 -39.85588932291667
-39.47994765625 -39.594091796875 -39.84228255208333
-39.47771432291667 -39.59322265625 -39.85910546875
-39.47188190104167 -39.580279296875 -39.85612239583333
-39.467006901041664 -39.58407421875 -39.84618489583333
-39.47161549479166 -39.59183203125 -39.84526432291667
-39.45665859375 -39.58014453125 -39.84367317708333
-39.45193268229167 -39.58865234375 -39.832708333333336
-39.45224765625 -39.5843828125 -39.84463151041667
-39.450732421875 -39.580224609375 -39.8439140625
-39.44177721354167 -39.568849609375 -39.83344921875
-39.44168671875 -39.551189453125 -39.824610677083335
-39.4348640625 -39.5533515625 -39.81529557291667
-39.42473268229167 -39.562099609375 -39.82428645833333
-39.425591536458334 -39.56134375 -39.82754296875
-39.41594817708334 -39.548125 -39.81828255208333
-39.414367578125 -39.545818359375 -39.82089192708333
-39.41454127604167 -39.546423828125 -39.82406640625
-39.41132005208333 -39.5414453125 -39.8171875
-39.405736848958334 -39.529349609375 -39.799251302083334
-39.40240416666666 -39.52662109375 -39.79771354166667
-39.399128125 -39.5349453125 -39.811162760416664
-39.39891223958333 -39.532724609375 -39.804696614583335
-39.39595078125 -39.531650390625 -39.80551302083333
-39.391104296875 -39.5295234375 -39.799104166666666
-39.38924505208333 -39.520048828125 -39.79188671875
-39.38462135416667 -39.52050390625 -39.802501302083336
-39.38054296875 -39.51619921875 -39.7900546875
-39.380470703125 -39.50939453125 -39.794045572916666
-39.374995963541664 -39.51700390625 -39.78529557291667
-39.373999348958336 -39.50798828125 -39.78290625
-39.372095182291666 -39.516376953125 -39.778118489583335
-39.369221744791666 -39.509865234375 -39.78158072916667
-39.366948567708334 -39.50505078125 -39.77333333333333
-39.365057421875 -39.502486328125 -39.77956770833333
-39.3638640625 -39.50153515625 -39.78141536458333
-39.359974609375 -39.505470703125 -39.773875
-39.357701953125 -39.50170703125 -39.77264713541667
-39.357452083333335 -39.505158203125 -39.778462239583334
-39.35536393229167 -39.49776171875 -39.775975260416665
-39.355198046875 -39.500501953125 -39.771787760416665
-39.353615625 -39.49822265625 -39.772416666666665
-39.3517796875 -39.495400390625 -39.77309375
-39.349939192708334 -39.49434375 -39.77159375
-39.3488078125 -39.49834375 -39.76949739583333
-39.34766875 -39.495064453125 -39.769526041666666
-39.326612109375 -39.491404296875 -39.76684375
-39.31556419270834 -39.49259375 -39.76885286458333
-39.30759830729167 -39.493892578125 -39.770802083333336
-39.301299479166666 -39.495013671875 -39.77242708333333
-39.296054427083334 -39.495986328125 -39.773779947916665
