-260.3731755239521 -262.0961805555556 -269.1235321969697
-253.45469685628743 -255.89010416666667 -263.10580018939396
-247.89827844311378 -250.6793576388889 -258.18480113636366
-244.78144648203593 -248.59456597222223 -255.7834990530303
-242.3592252994012 -246.94756944444444 -253.85627367424243
-240.39339446107783 -245.85508680555554 -252.6848721590909
-238.78037986526945 -245.015 -251.7654356060606
-237.26746818862276 -244.22430555555556 -251.0755918560606
-236.19356287425148 -243.89149305555554 -250.64810606060607
-235.17695546407185 -243.24512152777777 -250.0390861742424
-234.1643993263473 -242.9637326388889 -249.6822206439394
-233.48930576347306 -243.18689236111112 -249.84642518939393
-232.4647735778443 -243.1145138888889 -249.2015625
-231.61362275449102 -242.75036458333332 -248.990625
-231.12199663173652 -242.84668402777777 -248.94770359848485
-230.4788360778443 -243.05984375 -248.85913825757575
-229.94916729041915 -243.10682291666666 -248.97933238636364
-229.4261133982036 -242.8541840277778 -248.76155303030302
-228.89983158682634 -242.98237847222222 -248.82660984848485
-228.2521893712575 -242.81668402777777 -248.7925899621212
-227.72393338323354 -243.03208333333333 -248.54500473484848
-227.31491392215568 -242.88041666666666 -248.3237452651515
-226.80670845808382 -242.9554861111111 -248.39943181818182
-226.4377245508982 -243.1665625 -248.80674715909092
-225.78140905688622 -243.0324652777778 -248.6412878787879
-225.45994573353295 -243.37989583333334 -248.7610321969697
-225.10527694610778 -243.08831597222223 -248.69739583333333
-225.0389127994012 -243.2860763888889 -248.8550662878788
-224.53892215568862 -243.21315972222223 -248.8417850378788
-224.1203125 -243.3764409722222 -248.7427793560606
-223.70438809880238 -243.14753472222222 -248.434375
-223.3536115269461 -243.05949652777778 -248.73792613636363
-222.91966691616767 -242.95671875 -248.44554924242425
-222.75657747005988 -243.00012152777776 -248.69592803030304
-222.5223615269461 -242.99963541666668 -248.48951231060607
-222.33620883233533 -243.11918402777778 -248.67393465909092
-222.07352170658683 -242.97175347222222 -248.78335700757575
-221.9761508233533 -242.86227430555556 -248.76510416666667
-221.66098428143712 -243.11911458333333 -248.50288825757576
-221.4209487275449 -243.08671875 -248.5104640151515
-221.03183008982035 -243.19506944444444 -248.6213068181818
-220.84063435628744 -243.57309027777777 -248.52095170454547
-220.5959393712575 -243.5068923611111 -248.52260890151516
-220.4776384730539 -243.3386111111111 -248.32291666666666
-220.08179266467067 -243.35107638888888 -248.67007575757575
-220.00570733532933 -243.3400173611111 -248.78352272727273
-219.92557073353294 -243.53208333333333 -248.62339015151514
-219.823063248503 -243.5092534722222 -248.4737215909091
-219.5713136227545 -243.6040625 -248.6974431818182
-219.4085235778443 -243.50737847222223 -248.78222064393938
-219.21226609281436 -243.59090277777779 -248.93982007575758
-219.07872380239522 -243.49416666666667 -248.57308238636364
-219.00805576347307 -243.44708333333332 -248.53361742424244
-218.6803517964072 -243.69552083333335 -248.66325757575757
-218.6835890718563 -243.59081597222223 -248.77831439393938
-218.36186377245508 -243.6235590277778 -248.7209990530303
-218.27566429640717 -243.56340277777778 -248.6362215909091
-218.29456399700598 -243.62680555555556 -248.48802083333334
-218.28473989520958 -243.55559027777778 -248.6681818181818
-217.9840381736527 -243.53866319444444 -248.69431818181818
-217.78836077844312 -243.42953125 -248.53001893939393
-217.89737088323352 -243.5038888888889 -248.8068418560606
-217.64015718562874 -243.52411458333333 -248.49767992424242
-217.50266654191617 -243.6654861111111 -248.6369318181818
-217.43622754491017 -243.6001736111111 -248.79301609848486
-217.40784056886227 -243.6198784722222 -248.6133759469697
-217.18763098802395 -243.64817708333334 -248.5672585227273
-217.0429640718563 -243.54755208333333 -248.5540009469697
-216.94153255988024 -243.6382986111111 -248.7602509469697
-216.83826721556886 -243.63880208333333 -248.67679924242424
-216.85818675149702 -243.6394097222222 -248.55286458333333
-216.74175711077845 -243.61230902777777 -248.55989583333334
-216.65637163173653 -243.60555555555555 -248.46164772727272
-216.53197043413175 -243.74157986111112 -248.63951231060605
-216.4521987275449 -243.7215798611111 -248.6033143939394
-216.45009356287426 -243.7604340277778 -248.63910984848485
-216.36960142215568 -243.7554513888889 -248.70816761363636
-216.296500748503 -243.80692708333333 -248.7599668560606
-216.22997754491018 -243.72753472222223 -248.65854640151514
-216.16235965568862 -243.68194444444444 -248.73295454545453
-216.06415606287425 -243.7487152777778 -248.72421875
-216.0284898952096 -243.78241319444444 -248.70802556818182
-216.00678330838323 -243.74286458333333 -248.68527462121213
-215.96616766467065 -243.70651041666667 -248.68562973484848
-215.90530501497005 -243.69854166666667 -248.62457386363636
-215.8279752994012 -243.7134548611111 -248.63342803030304
-215.7890250748503 -243.74288194444443 -248.69514678030302
-215.7205370508982 -243.76065972222221 -248.60523200757575
-215.68216691616766 -243.7809201388889 -248.6647490530303
-214.54325411676646 -245.47581597222222 -250.2597537878788
-214.22174401197606 -246.0325347222222 -250.80608428030303
-214.0074756736527 -246.32895833333333 -251.09928977272727
-213.83610591317364 -246.5206076388889 -251.29124053030304
-213.6863866017964 -246.6598263888889 -251.43241003787878
