-58.11622421875 -58.152994140625 -58.226048177083335
-57.23619583333333 -57.330755859375 -57.37296484375
-56.98824036458333 -57.120837890625 -57.18807291666667
-56.914358854166665 -57.03125 -57.11851953125
-56.840702864583335 -56.973796875 -57.04399739583334
-56.77090520833333 -56.930568359375 -57.00740234375
-56.70103567708333 -56.86887109375 -56.962208333333336
-56.66617473958333 -56.859244140625 -56.9239765625
-56.6202890625 -56.82397265625 -56.89709375
-56.5845078125 -56.829228515625 -56.8562421875
-56.498838541666665 -56.734025390625 -56.77167578125
-56.47637630208333 -56.75038671875 -56.78426171875
-56.440670572916666 -56.68292578125 -56.756954427083336
-56.400065885416666 -56.675236328125 -56.73390364583334
-56.358491145833334 -56.65787890625 -56.70943489583333
-56.32385677083333 -56.597048828125 -56.684751302083335
-56.31206510416666 -56.61376171875 -56.65893619791667
-56.26381927083333 -56.59079296875 -56.662296875
-56.23313828125 -56.56517578125 -56.62782161458333
-56.193189322916666 -56.528427734375 -56.588307291666666
-56.178357291666664 -56.5133515625 -56.60161328125
-56.16454765625 -56.500962890625 -56.6037734375
-56.13361302083333 -56.483958984375 -56.571104166666665
-56.13575885416667 -56.5099296875 -56.57672786458333
-56.092343489583335 -56.48679296875 -56.559786458333335
-56.085515625 -56.47313671875 -56.54350651041667
-56.07389583333333 -56.4805859375 -56.5283515625
-56.046609635416665 -56.46420703125 -56.52258463541666
-56.027704427083336 -56.4299765625 -56.50159895833333
-56.005902864583334 -56.427423828125 -56.50434375
-56.00643645833333 -56.45933984375 -56.49559505208333
-55.99680651041667 -56.452798828125 -56.51775260416667
-55.9602328125 -56.417826171875 -56.466861979166666
-55.967995572916664 -56.415921875 -56.473321614583334
-55.95860494791667 -56.42587890625 -56.480432291666666
-55.946575520833335 -56.41735546875 -56.472454427083335
-55.92378515625 -56.407345703125 -56.44236458333334
-55.91616640625 -56.402734375 -56.42488671875
-55.903150520833336 -56.3951796875 -56.45036848958333
-55.893859375 -56.38679296875 -56.425147135416665
-55.88442838541667 -56.39571484375 -56.433083333333336
-55.87654765625 -56.393080078125 -56.42030208333333
-55.85934739583333 -56.392115234375 -56.42337109375
-55.84712213541667 -56.369119140625 -56.41176041666667
-55.85300859375 -56.3746171875 -56.43788671875
-55.83193255208333 -56.365529296875 -56.409368489583336
-55.83117994791667 -56.390298828125 -56.3937421875
-55.81841640625 -56.363060546875 -56.40606770833333
-55.8035421875 -56.347927734375 -56.40110546875
-55.81091796875 -56.363634765625 -56.3818203125
-55.79468515625 -56.32815625 -56.3748203125
-55.79044140625 -56.339451171875 -56.3701015625
-55.7757484375 -56.3263671875 -56.38300520833333
-55.76366901041666 -56.318001953125 -56.35363671875
-55.757603645833335 -56.3140625 -56.35462109375
-55.75068984375 -56.32490234375 -56.3528203125
-55.747925260416665 -56.309693359375 -56.36036588541667
-55.741792708333335 -56.32155859375 -56.34470572916667
-55.73615703125 -56.31399609375 -56.36330078125
-55.723311197916665 -56.315173828125 -56.35365234375
-55.734530989583334 -56.30226953125 -56.347584635416666
-55.71086276041667 -56.29814453125 -56.34643098958333
-55.70874166666667 -56.300486328125 -56.33348177083333
-55.6955875 -56.2728046875 -56.32105729166667
-55.69603619791667 -56.281435546875 -56.332734375
-55.688447135416666 -56.273232421875 -56.32133984375
-55.689445052083336 -56.283384765625 -56.329338541666665
-55.67948515625 -56.269001953125 -56.327712239583335
-55.67686041666666 -56.2802734375 -56.32562109375
-55.67179505208333 -56.265990234375 -56.316924479166666
-55.6598515625 -56.253533203125 -56.32237760416667
-55.65842083333333 -56.274828125 -56.325015625
-55.65278125 -56.2539375 -56.30278385416667
-55.64613307291667 -56.25506640625 -56.306505208333334
-55.64218177083333 -56.25120703125 -56.29998697916667
-55.642484895833334 -56.245125 -56.312016927083334
-55.63455442708333 -56.246677734375 -56.30726953125
-55.62933489583333 -56.241060546875 -56.30995442708333
-55.62672369791667 -56.23776953125 -56.29878125
-55.62053515625 -56.238416015625 -56.30070833333333
-55.619234114583335 -56.23993359375 -56.2936015625
-55.6162875 -56.237208984375 -56.29519661458333
-55.61073567708333 -56.224947265625 -56.292587239583334
-55.60714895833333 -56.229431640625 -56.2950703125
-55.60297135416667 -56.23469921875 -56.29598567708333
-55.60300859375 -56.226609375 -56.29138020833334
-55.59653463541667 -56.218748046875 -56.278908854166666
-55.5964171875 -56.21896875 -56.27548046875
-55.593196614583334 -56.225607421875 -56.28129296875
-55.59046614583333 -56.22428125 -56.28145442708333
-55.587129166666664 -56.217283203125 -56.28273307291666
-55.583490625 -56.218236328125 -56.28026302083333
-55.58229791666667 -56.21799609375 -56.27362109375
-55.58039192708333 -56.21553125 -56.27915755208333
-55.57778098958333 -56.213759765625 -56.277524739583335
-55.575997916666665 -56.208591796875 -56.27394010416667
-55.57448177083333 -56.210642578125 -56.2730390625
-55.572647135416666 -56.210126953125 -56.27639973958333
-55.570538802083334 -56.212095703125 -56.27638411458334
-55.56959479166667 -56.211712890625 -56.27352473958333
-55.54911692708333 -56.217533203125 -56.27956640625
-55.53707786458333 -56.224408203125 -56.2867109375
-55.52791015625 -56.229876953125 -56.29250130208333
-55.52042473958333 -56.234248046875 -56.29721223958333
-55.514038541666665 -56.237955078125 -56.301123697916665
