-34.92292474856322 -35.25523290889237 -36.30858476495112
-33.94020788433908 -34.42474065061475 -35.35223862492812
-33.48505724676724 -33.96496318721689 -34.90602425064692
-33.35845590876437 -33.9886962258682 -34.80655863642898
-33.16846960308908 -33.76571684237489 -34.647892781411734
-33.14061994881465 -33.7733465002157 -34.695647193070734
-32.946757588002875 -33.55511953832776 -34.50860767682576
-32.97813644935345 -33.59410473064064 -34.470463898073604
-32.79347858297414 -33.44093903351489 -34.32539242200978
-32.67842111170977 -33.414286207803066 -34.252802212119036
-32.72279162176724 -33.48757389519521 -34.37606472829212
-32.74533831716954 -33.49564549180328 -34.30484249209316
-32.63081447557471 -33.322121963303495 -34.1700701283065
-32.685320806393676 -33.43167769898619 -34.215130148433005
-32.65185614224138 -33.367931086200386 -34.2607023163456
-32.59632722701149 -33.315864885542496 -34.199398450977576
-32.546136179956896 -33.31494856827006 -34.1550853130391
-32.567734375 -33.28940922602998 -34.16719715892754
-32.4378256330819 -33.28799030346743 -34.071860174669354
-32.5331606950431 -33.347324690600736 -34.21564791187464
-32.47340404992816 -33.24821539311907 -34.06549876006326
-32.54755971623563 -33.34562560666523 -34.18158559157562
-32.494618354885056 -33.294242325684856 -34.141050666690624
-32.38574510596264 -33.26604629529767 -34.08012641963772
-32.341300960847704 -33.17970687958369 -34.028566839778605
-32.3798089529454 -33.13573165511756 -33.96598822060092
-32.408708692528734 -33.169258756201465 -33.987838736342724
-32.39217178520115 -33.18036662801985 -33.98823295536228
-32.373194930854886 -33.162963340568375 -34.0572796866015
-32.3726409841954 -33.17705735345665 -34.010415917912596
-32.32559222341954 -33.1047099971689 -33.99961364289822
-32.22408079651581 -33.10439865994392 -33.93649255139448
-32.202443089978445 -33.07507060909189 -33.91846854334388
-32.17209680316092 -33.05905127669327 -33.8927151469954
-32.18181887571839 -33.03711485183887 -33.89108660688614
-32.15657967403017 -33.05032245942084 -33.88452976746694
-32.148375987787354 -33.034144298695 -33.922760027314546
-32.11810030531609 -32.99980957452545 -33.831367479514086
-32.18364179238506 -32.994747290228645 -33.87019412198102
-32.20576441271552 -33.05695743906385 -33.88681983179988
-32.13685546875 -33.01963783771031 -33.881194068070734
-32.18681505926724 -33.02028705376402 -33.88295850704428
-32.08644800646552 -33.0357355310343 -33.8623906070299
-32.141023931393676 -32.9990963215865 -33.83485929413456
-32.07945290050287 -33.047177911319025 -33.826451534646345
-31.999417429956896 -32.92876338876456 -33.736402251653246
-32.0490277029454 -32.928675969990294 -33.760372115799306
-32.01397719109195 -32.91211485183887 -33.794625368387
-31.9962966954023 -32.92454053534836 -33.744534844019554
-31.980650255926726 -32.94314830605587 -33.781125332446805
-32.02149986530173 -32.94296967684966 -33.81557064045428
-31.932813622485632 -32.90486983660483 -33.67488386824324
-31.933226921695404 -32.91666357716782 -33.701696377228295
-31.944630365481324 -32.92946842644521 -33.70855533891604
-31.89056315104167 -32.88555892404551 -33.689883284215064
-31.86892847521552 -32.81266514775669 -33.684615799309945
-31.90467492816092 -32.87622259895384 -33.69875265058942
-31.87105603448276 -32.838792196937014 -33.694758796362855
-31.872614830280174 -32.834388397190466 -33.677109914102935
-31.860192618534484 -32.8039814090811 -33.66070883050604
-31.86866446659483 -32.84958051627211 -33.733560729945374
-31.81668642241379 -32.791326119634384 -33.64645966611558
-31.842101068606322 -32.82684025998975 -33.6610008445946
-31.847185591774426 -32.84173915754422 -33.67096526380104
-31.814675377155172 -32.82812162963762 -33.633471777961475
-31.773967313218392 -32.78614439812068 -33.612382745112136
-31.80677554777299 -32.801225295243746 -33.656916016748134
-31.77568673670977 -32.78929968925259 -33.64244334926682
-31.763503951149424 -32.80273648147649 -33.63304948066418
-31.762883104346265 -32.76512365859577 -33.615480340713056
-31.74808313128592 -32.748979622789044 -33.62698344953996
-31.72831716954023 -32.746633429276315 -33.61864532418056
-31.726400862068967 -32.73784352418572 -33.567485578996546
-31.714386000359195 -32.76173349533542 -33.58450775409718
-31.68644216954023 -32.740686003559105 -33.592316884703855
-31.687493938577585 -32.739034104696934 -33.57929417948534
-31.688042834051725 -32.746387814117774 -33.5851378306498
-31.679768992456896 -32.755560044691 -33.578768554125936
-31.650495689655173 -32.735833103025236 -33.58090250323462
-31.643115683369253 -32.73176507563093 -33.55963040001438
-31.662964035560346 -32.72646138912856 -33.56868171362852
-31.665617816091952 -32.73208231099008 -33.55514686062392
-31.647196704382186 -32.72973780265854 -33.56936233108108
-31.654659437859195 -32.71331318418356 -33.557048321592866
-31.652577900502873 -32.70399750256148 -33.57267893724842
-31.627567798132183 -32.69859986720772 -33.565073093372625
-31.629825677981323 -32.7229448372789 -33.548263190051756
-31.621967941810343 -32.7059912825577 -33.55148433007476
-31.61022359913793 -32.70312331481881 -33.53492151559804
-31.59913781878592 -32.69204661885246 -33.545576660437035
-31.588418417744254 -32.70117735183887 -33.54737928586832
-31.577972341954023 -32.68953190722066 -33.540091288096605
-31.579676948635058 -32.6907191173695 -33.526954023504885
-31.56403600933908 -32.68976404092968 -33.53181605807936
-31.567232399425286 -32.68740141690034 -33.53620300819436
-31.560942887931034 -32.68662665484793 -33.535155126868894
-31.565937387751436 -32.67639929020168 -33.52943614325762
-31.563631914511493 -32.68181167089085 -33.52521204715354
-31.557055495689657 -32.68342101892795 -33.52266478579644
-31.550519710847702 -32.686582418841674 -33.520530836687755
-31.362941136853447 -32.785448628936585 -33.629965362636575
-31.29213238595546 -32.8669878060289 -33.717860480161015
-31.24998394845546 -32.92329055220017 -33.776867542409434
-31.22087789601293 -32.96338817474655 -33.8173081242812
-31.198415723778737 -32.9932365252912 -33.846786946520986
