-153.04605824335317 -135.66452535534006 -168.84666412061637
-150.00916071055494 -131.86298236583423 -166.71673253188098
-150.43596593298946 -132.7626755944474 -167.07989547356536
-149.77908360596027 -131.98156880977683 -166.94301690356005
-148.38181418903025 -130.3309374169766 -165.67506102218385
-148.19541791306008 -130.95776600690755 -165.2111658142933
-148.26627684876692 -130.2960675976355 -165.99156690023912
-148.36325543720392 -130.2356660135494 -166.17251428002126
-146.85854140234133 -129.88960588801805 -163.69939725026566
-146.9301016289128 -129.61477359524443 -164.19644992029757
-146.16861424285233 -129.04364954171095 -163.11461169965463
-146.4911881513299 -128.76983220975026 -164.18307277829436
-146.23154999052232 -128.88780012951648 -163.82548693212007
-145.45755541838693 -128.00578465395856 -162.7988135959086
-144.9749997665174 -127.89890243092455 -162.44541627922422
-145.61541683731073 -128.86400770456962 -162.7933485819607
-144.85179040493836 -128.06009439758236 -161.72344497210415
-145.45036852198265 -127.77515608395323 -163.51876951049417
-144.7923417844226 -127.98927337938363 -162.06801275239107
-144.77562540470313 -127.19613028028692 -162.6832014645324
-144.36803223131864 -127.39690156748141 -161.57133161198195
-143.79538427859765 -126.5542433249203 -161.39677080565886
-143.98062989621613 -127.47168072529225 -160.8622434577577
-144.8552995616062 -127.87162302404357 -162.51907254582892
-143.3443572276521 -126.85137154622741 -160.0897212905154
-143.5562361380529 -126.3276144062168 -161.3296609325186
-143.7450327878719 -126.76103795828905 -161.53644518796494
-142.92426798023388 -126.56360628653029 -159.80274475292242
-142.9088536766415 -126.68894460680127 -159.97903244553666
-143.23367861659324 -126.09247766671095 -160.8825987147981
-142.69104028767822 -126.32272848034006 -159.82770158076514
-142.08608420488633 -125.5791627922423 -159.0213370085016
-142.59040851841294 -126.19243366431988 -159.57847577377788
-142.31206970025679 -125.4137387088204 -159.98062441883636
-141.74530462212488 -125.2355061935441 -158.9637519925611
-141.58177070073828 -125.03215703041977 -158.8297418803135
-141.22811146233425 -124.80578548419234 -158.22950775438363
-141.53810100577377 -124.81596830167375 -159.24911580100957
-141.47263233965455 -125.06989323193412 -158.85058697529223
-141.5779085313842 -124.83842405021254 -159.30469787792242
-141.10824178798538 -124.39446068012752 -158.46674706097238
-140.8104691555679 -124.31756650172689 -158.0254051540914
-141.07145098699138 -124.75414701780021 -158.0966848764612
-140.02604498154278 -123.80849619752922 -157.1108839499203
-140.6132145345153 -124.51648429197662 -157.60093567348565
-140.08127965228738 -123.88564982399043 -157.29296459883102
-140.09294059373062 -123.76804098034006 -157.4665789386291
-139.99677789719019 -124.11915722967588 -156.66473083820404
-139.89124511243136 -124.20987480074389 -156.5176445437035
-139.51334543176637 -123.55498015741233 -156.50124535069077
-139.59567644745363 -123.53651368225292 -156.55408350491498
-139.9740066008119 -123.48951414718384 -157.31641662792242
-139.2207486324839 -123.11963668969182 -156.27744752922422
-139.1125146921074 -122.96816053400637 -156.31188562699256
-139.17019113662087 -123.02631010892668 -156.34437475092986
-139.0954124824283 -123.15873655021254 -156.04972477749735
-138.8370239722616 -122.98867768663656 -155.7994736317747
-138.4167824423177 -122.95544342786928 -155.01295164718385
-138.46790496601878 -122.64828390674813 -155.1280448824389
-138.66917550902662 -122.68609482930393 -155.741446516339
-138.33129681758058 -122.72468409604144 -155.05974154822
-138.43838790397675 -122.57735080698724 -155.39730215528692
-138.4346278400129 -122.30790880712009 -155.78810980672156
-138.20800305637343 -122.74898503918703 -154.80323874202975
-137.8686775944584 -122.08159745284271 -154.75718567348565
-137.54876223102806 -121.98640284604144 -154.43182327643464
-137.4556398019307 -121.92302487380447 -154.2907437234325
-137.37707124988933 -121.8209310241764 -154.24226844779488
-137.3677391674461 -121.74736815887354 -154.30695611384166
-137.22795429396945 -121.57484142534538 -154.20785733262485
-137.34715677023377 -121.74238052935706 -154.33731361251327
-137.11888379416453 -121.56935150438363 -154.09801740170033
-136.95073619218624 -121.86847643796493 -153.37524076780022
-136.89546476955442 -121.47259813363443 -153.7296488941286
-136.8008923487932 -121.43355846506377 -153.71654365369287
-136.77052551826213 -121.3592940522051 -153.6522378951913
-136.5377196292781 -121.12960364638683 -153.58625091325717
-136.43590518428175 -121.16732946997874 -153.16855198924017
-136.54322419723502 -121.07121330366631 -153.38614381309776
-136.280653538489 -120.98414876129118 -153.13961211477152
-136.26303528907565 -120.71705424747609 -153.42678998405952
-136.28302420816544 -120.94537269195006 -153.151735603746
-136.14220113711204 -120.69773470709352 -153.11578232930393
-135.97396479013548 -120.6437508302338 -152.74184710414454
-136.16317580667365 -120.7307925411796 -153.1388898113709
-135.97080162005778 -120.79466035135493 -152.74686794301275
-135.97571102362912 -120.59845327444208 -152.93855439691816
-135.93128367769995 -120.65774026965994 -152.76440040515408
-135.65175437944137 -120.5841732531881 -152.36328747675344
-135.6713554147896 -120.58488932983528 -152.40986774375665
-135.63099648115812 -120.51063529489905 -152.39580150770456
-135.54757194549444 -120.35202950650903 -152.32011947064294
-135.45362149637774 -120.33145008634432 -152.22707724495217
-135.39973734939508 -120.32461103546758 -152.14138258833688
-135.42963347472576 -120.23485446001594 -152.3060345543305
-135.38521464658695 -120.18537252590329 -152.2683294865834
-135.3390050719334 -120.15156125464931 -152.21364821333688
-135.20558891137625 -120.09728472037726 -152.04561512021786
-135.4036754654432 -120.15577676673752 -152.34906764744952
-135.21202775554409 -120.0727243291711 -152.10534421493094
-134.47214137767864 -119.62114563961211 -151.64097162260893
-134.28540886517783 -119.5601981768066 -151.59266654489903
-134.15872143470375 -119.52712373804464 -151.56420405486185
-134.02714135519514 -119.50358868557386 -151.53246421692347
-133.9257900488342 -119.49086950385228 -151.52957707890542
-133.88364464920193 -119.48113086145058 -151.52716109856536
-133.84828916073565 -119.46892642468119 -151.5263765276302
-133.81921236468386 -119.46368142268862 -151.52627067282145
-133.79410114050185 -119.45918778227949 -151.5268061736185
-133.77191850126323 -119.45518813097769 -151.52769867494686
-133.75211634661682 -119.45157868955899 -151.52894195005314
-133.7342143942528 -119.44830134165781 -151.53043637088203
-133.7179210719929 -119.44526268597237 -151.5321653327577
-133.7029765223756 -119.4424834783475 -151.5339690156748
-133.68912564406602 -119.43983918371413 -151.53581213469712
-133.67630833691916 -119.43746263947928 -151.53782960281615
-133.66428962666308 -119.4352251594049 -151.53973706495748
-133.653060411801 -119.43325750531349 -151.541623771254
-133.64243885696615 -119.43138325252391 -151.54352708222635
-133.63248341927797 -119.42965221506377 -151.54536397449522
-133.6230353089649 -119.42810590462274 -151.54710746546226
-133.61404274910342 -119.42660733262487 -151.54878453772582
-133.6054882068815 -119.4253225458289 -151.5504719879118
-133.59727039842159 -119.42408964864507 -151.55214906017534
-133.589320921976 -119.42306223432519 -151.55385726620617
-133.58165910471365 -119.42207633169501 -151.55552396054728
-133.57424901626007 -119.42119420828905 -151.55707649774178
-133.567118371862 -119.4204469978746 -151.55856054064824
-133.56017684835186 -119.41977243291711 -151.55994495549947
-133.55342976394394 -119.4191684378321 -151.5611799282678
-133.54685093832325 -119.41869312898513 -151.56234848233262
-133.54051852329707 -119.41829876793305 -151.563575152763
-133.5343623659983 -119.41803309311902 -151.56470427072264
-133.52839491883108 -119.41782138350159 -151.56603472037725
-133.5226176086334 -119.41767816817216 -151.5672281814559
-133.51709455663908 -119.41757231336344 -151.56847560773113
-133.5116536991596 -119.41752665050478 -151.56973548751327
-133.5064031083622 -119.41746230738576 -151.57092894859193
-133.50130036824527 -119.41744777829437 -151.57207259564294
-133.49631640158034 -119.41744155154092 -151.57332624867163
-133.49143475649325 -119.4174830632306 -151.5743412094846
-133.4866701337388 -119.4174851388151 -151.57544334484592
-133.48202558156186 -119.41758476687035 -151.57660567215729
-133.47748311315638 -119.41766571466525 -151.57760195270987
