-103.14171458779853 -100.05716233309141 -94.8247463474026
-98.84651164459584 -96.09265481080527 -91.37579139610389
-96.62579655924678 -94.18120738226152 -89.55190493100649
-95.52817678831138 -93.15007137788409 -88.70895140016233
-94.84901374961727 -92.62825513906516 -87.92028713474026
-94.42675422439528 -92.28697403488457 -87.42402851055195
-94.03715721639621 -91.82139136169671 -87.50127840909092
-93.48037486125995 -91.50183227182826 -87.05556006493507
-93.44657730691212 -91.37416284464676 -87.03568131087663
-93.21249354141152 -91.1426785836424 -86.82238991477273
-93.05055519940294 -91.1811662369665 -86.74144937094155
-92.81314645686619 -91.03649210651561 -86.7506442775974
-92.71699541679425 -90.85917714041031 -86.59205306412338
-92.62160565293938 -90.87021055110233 -86.39341517857143
-92.341853686658 -90.64071287162572 -86.21227932224026
-92.25819523116962 -90.56653149675303 -86.2352627840909
-92.16232167119566 -90.57648128108755 -86.11553622159092
-92.10074740221219 -90.55040182863227 -86.11757051542207
-92.00553166143601 -90.12100991571924 -85.98230773133118
-91.90030630453919 -90.43290692637403 -86.1950005073052
-91.80440045162278 -90.02728826619308 -85.88975750811689
-91.77958870751684 -90.32058448643072 -85.9767578125
-91.72374822986833 -90.1452524504309 -85.96515320616884
-91.66231688705604 -90.03506042242978 -85.91906706574676
-91.43021495139314 -89.88567373075374 -85.78644987824676
-91.33857535498316 -89.86462334065122 -85.82591061282467
-91.48981396873086 -90.14881986031736 -85.6978515625
-91.34935581560012 -90.04580255055706 -85.61598265016234
-91.36856712626302 -89.99030315829623 -85.73485693993507
-91.25607047516074 -89.77614382732703 -85.70294237012988
-91.10094295391917 -89.7162308748594 -85.63485186688311
-91.10521578861757 -89.74969687257759 -85.58736556412337
-90.96813703211114 -89.5735142629898 -85.34114498782468
-91.0485709774954 -89.58329639360599 -85.4896484375
-90.86351447680649 -89.54998049012418 -85.59131747159091
-90.92406314585885 -89.6181544738057 -85.4007711038961
-90.78993082134109 -89.5095182188754 -85.41554890422078
-90.71888574996173 -89.39654505391992 -85.37447747564936
-90.67441836822566 -89.3585568439172 -85.42533482142858
-90.72150626243877 -89.41803892855515 -85.47206523944806
-90.67715130798378 -89.50574404349123 -85.42740969967532
-90.55017127219841 -89.23371317228919 -85.32463981331169
-90.4593234508956 -89.22739006665894 -85.24105874594156
-90.37619125076546 -89.00690617542786 -85.0340731534091
-90.41407804845376 -89.15649010328003 -85.14759030032468
-90.4303465152327 -89.23334926204458 -85.3075588474026
-90.36173298281537 -89.11835553952228 -85.08541497564936
-90.27807213525719 -89.06152741547224 -85.0384182224026
-90.26282687633956 -89.0680520024281 -85.06191659902598
-90.20735657149419 -89.02801427581431 -85.02098975243507
-90.20936292004745 -88.9659948386107 -85.01143719561688
-90.10029051687845 -89.00224589188275 -84.93687347808442
-90.08470857413502 -88.86703520897298 -84.93415939529221
-90.13115599165646 -88.94950750922415 -85.0254109172078
-90.04107124062308 -88.8684752942987 -84.73265523538961
-89.98715877124158 -88.89067122166259 -84.8224609375
-89.95303649341703 -88.851582864843 -84.70912895698052
-89.94290906785824 -88.84335491907736 -84.92423904220779
-89.89708897064452 -88.8469835570814 -84.74560166396104
-89.85999514409829 -88.82176358412212 -84.74173599837663
-89.87459574020208 -88.75797099547627 -84.70656960227272
-89.81895260831293 -88.7508139999924 -84.68138189935065
-89.7742262850199 -88.6672905651048 -84.69487875405844
-89.75540248966625 -88.7682364794067 -84.71556665990259
-89.80545595242651 -88.76793608312941 -84.85806107954545
-89.72549444082976 -88.70187321525603 -84.65824878246754
-89.68794911110686 -88.58161127706445 -84.65440594561689
-89.60834282187692 -88.5961089375418 -84.48385247564936
-89.65948049027863 -88.66717196809643 -84.68856787743506
-89.60555725658297 -88.57377784818063 -84.51347148944805
-89.60721316690906 -88.58148408585485 -84.5449700689935
-89.55770210597827 -88.50145204892883 -84.51603084415585
-89.51969331272964 -88.46760502677947 -84.50166903409091
-89.52975196628138 -88.49161621568732 -84.52710531655845
-89.49330579263625 -88.47651001451544 -84.46520647321428
-89.44362609078384 -88.44273281468492 -84.48563311688312
-89.4374545506736 -88.45606216846274 -84.5358588676948
-89.47548875966396 -88.45925743013969 -84.62626318993506
-89.42255614187845 -88.38066264349199 -84.43975750811688
-89.38462030675903 -88.46074053100111 -84.52312297077923
-89.37399293860992 -88.41105185779617 -84.3843851461039
-89.36463396547765 -88.3941212813678 -84.41475243506494
-89.3483756649954 -88.35556054022526 -84.40590756899351
-89.31035550941519 -88.40986796575761 -84.4268643465909
-89.29678948350428 -88.35683527252553 -84.35882457386364
-89.29754477954684 -88.34214013838118 -84.35700334821429
-89.28243048645132 -88.34038609011164 -84.42859679383118
-89.26506465764697 -88.33162125168144 -84.3927734375
-89.25266117766381 -88.33017086518878 -84.39143922483767
-89.23757917751071 -88.28597612789169 -84.33368506493507
-89.22738836210196 -88.30230807886977 -84.32872615665585
-89.21121258802818 -88.2694703929619 -84.35798752029221
-89.20742295143141 -88.29382241096941 -84.35272422889611
-89.18735707382885 -88.26426592875083 -84.32774959415585
-89.17876954321035 -88.27769550368016 -84.32694805194805
-89.17531718845683 -88.25651915435198 -84.30902495941558
-89.16287124923454 -88.2576707476308 -84.3533887987013
-89.153616331139 -88.25442182785807 -84.33706118100649
-89.1535774600046 -88.25455988427544 -84.32423396915584
-89.1486982356093 -88.24797081854557 -84.30363737824675
-88.7794015280542 -88.25606878258375 -84.41506950081168
-88.68555285517452 -88.3362332058324 -84.53471489448052
-88.63725995579455 -88.38749849193292 -84.60935724431818
-88.60675867364513 -88.42113520106453 -84.65651633522727
-88.58545310586344 -88.44451868673242 -84.68787286931818
