-159.18443966286122 -168.60163250448028 -165.62082338902147
-153.8336742998573 -163.680905577957 -160.9565744331742
-150.55710399571888 -161.16539258512546 -158.2421129176611
-147.98412972707814 -159.14552531362008 -156.27476133651552
-145.9840628344631 -157.61333725358423 -154.6965617541766
-144.5549550704602 -156.58491543458783 -153.59430936754177
-143.34732039332857 -156.006832437276 -152.94424970167066
-142.9589056368177 -155.74522569444446 -152.68137492541766
-142.16565956118444 -155.17718133960574 -152.2302916169451
-141.29633428469498 -154.81549619175627 -151.6996662440334
-141.049520045487 -154.89828349014337 -151.85348299522673
-140.45304974580807 -154.48846326164875 -151.4700272225537
-139.81438414199073 -154.4403561827957 -151.32457301610978
-139.47936641544774 -154.42503920250897 -151.27802431384248
-139.2283184311452 -154.39139504928315 -151.34413223448686
-138.8499849491616 -154.3436519937276 -151.30733517303102
-138.63030681412772 -154.21935203853047 -151.13482622315036
-138.59829869782376 -154.55701164874552 -151.23361985381862
-138.02698280859792 -154.22954469086022 -150.98596919749403
-138.02512375133784 -154.15532594086022 -151.00174336217185
-137.88293792365323 -154.37273185483872 -151.27447232995226
-137.77289121031038 -154.46531978046596 -151.10410762231504
-137.2944724402426 -154.14237511200716 -151.00041020286397
-137.1837595879415 -154.31081989247312 -151.11549075178996
-136.83659806457368 -154.2858702956989 -150.96913223448686
-136.99030057081697 -154.45669522849462 -151.15499142303102
-136.46263490010702 -154.17774137544802 -150.88004363066827
-136.50460444166964 -154.40288978494624 -150.92932391109784
-136.40057806368176 -154.2514840949821 -150.99064923926014
-135.99118968515876 -154.26722110215053 -150.8374944063246
-135.85412950410276 -154.30115927419354 -150.8419973150358
-135.87483555565467 -154.29568492383513 -150.9926629624105
-135.6093248305387 -154.3001232078853 -150.94897635739858
-135.4079167409918 -154.14006496415772 -150.9251566229117
-135.4616733187656 -154.3409638216846 -150.97612432875894
-135.63990311719587 -154.21551579301075 -150.9032667064439
-135.3455561006065 -154.21151153673836 -150.8649034158711
