-99.8437060546875 -99.93572265625 -99.66395216325886
-97.96003173828124 -98.412109375 -97.99937997338743
-96.06841796875 -96.651748046875 -96.1846419490409
-94.37157958984375 -94.918095703125 -94.55122012673904
-93.10136474609375 -93.649755859375 -93.3426449857715
-92.06717529296876 -92.57978515625 -92.33815658595067
-90.8158349609375 -91.33580078125 -91.17408173482293
-88.88805419921874 -89.435869140625 -89.3153522870995
-86.221708984375 -86.67775390625 -86.73697367727657
-83.5940625 -84.048173828125 -84.15317292237563
-81.74609375 -82.170849609375 -82.31145591800168
-80.61281494140626 -81.089912109375 -81.23751218644604
-80.04165771484375 -80.583037109375 -80.77630707867833
-79.8514697265625 -80.3169091796875 -80.54486258958684
-79.43720458984374 -80.0805419921875 -80.26583661598862
-79.1824658203125 -79.9595166015625 -80.07890970831576
-78.97822021484374 -79.82396484375 -79.99731321801222
-78.8525439453125 -79.717021484375 -79.89592857425168
-78.747197265625 -79.63962890625 -79.71915676380691
-78.66577392578125 -79.5920947265625 -79.7213453836425
-78.5328759765625 -79.554169921875 -79.6202143497049
-78.56833251953125 -79.523251953125 -79.63878221174114
-78.40508544921875 -79.4500537109375 -79.53446129321247
-78.326962890625 -79.443359375 -79.49437694324409
-78.4436572265625 -79.4300830078125 -79.43481898187184
-78.4632763671875 -79.3978125 -79.46545801275295
-78.38978271484375 -79.386142578125 -79.4670381336952
-78.40090087890626 -79.5056787109375 -79.46313682414629
-78.3464453125 -79.41076171875 -79.45480475337268
-78.36096435546875 -79.358193359375 -79.44882927777192
-78.2246435546875 -79.3734716796875 -79.40963503240935
-78.15060546875 -79.36970703125 -79.32711303093382
-78.08696533203126 -79.3249169921875 -79.28025449910413
-78.07060546875 -79.305498046875 -79.28750625790472
-78.0439697265625 -79.2961865234375 -79.27146708342116
-77.99232421875 -79.31462890625 -79.26897709606872
-77.96016845703124 -79.25498046875 -79.23752289075675
-77.9247314453125 -79.259140625 -79.23443016837058
-77.87014892578125 -79.2181201171875 -79.19476410992833
-77.84198974609374 -79.1915283203125 -79.17844497654933
-77.8547314453125 -79.1679541015625 -79.21237434786046
-77.7934375 -79.19611328125 -79.1606906421269
-77.76543212890626 -79.18580078125 -79.17137272080522
-77.88099853515625 -79.1768505859375 -79.23997994176855
-77.7612109375 -79.1938818359375 -79.17189476180438
-77.7122900390625 -79.209169921875 -79.16777771922429
-77.69075439453125 -79.2098583984375 -79.11686143022766
-77.64770751953125 -79.219287109375 -79.11376541420742
-77.4408642578125 -79.060419921875 -78.96995958711004
-77.3859765625 -79.0415673828125 -78.94522192506324
-77.350283203125 -79.0340087890625 -78.9333829574199
-77.32158447265626 -79.030322265625 -78.92574913706788
-77.2963330078125 -79.0286328125 -78.92015078256745
-77.2731982421875 -79.027802734375 -78.91554381192032
-77.25125 -79.0272412109375 -78.91190269946247
-77.23028564453125 -79.0272509765625 -78.90883632614882
-77.21024658203125 -79.0280810546875 -78.90633563448567
-77.1908203125 -79.0294873046875 -78.90446402692875
-77.171904296875 -79.031142578125 -78.90296377661257
