-54.889649739583334 -55.1238671875 -54.69764384722918
-53.76905251736111 -53.97257421875 -53.61232518083963
-53.27102907986111 -53.48612109375 -53.12774812422179
-53.128369791666664 -53.327375 -53.009580517649304
-53.01314930555556 -53.19803125 -52.900338487096846
-52.92992795138889 -53.1166484375 -52.82603788236835
-52.85694618055555 -53.049109375 -52.79080256544582
-52.80380512152778 -52.96703125 -52.76067252200824
-52.73845486111111 -52.916609375 -52.705482119605655
-52.69547612847222 -52.93275390625 -52.67329289591115
-52.65103732638889 -52.91662890625 -52.64627312455395
-52.62120399305556 -52.843140625 -52.62204649751921
-52.59527777777778 -52.881875 -52.60967922674092
-52.546122395833336 -52.83757421875 -52.57144162073311
-52.512234375 -52.81141015625 -52.55955489059463
-52.49406206597222 -52.83519921875 -52.5683766060135
-52.457942708333334 -52.78133203125 -52.531281006927045
-52.43180902777778 -52.76680078125 -52.52418062823623
-52.389233940972225 -52.760859375 -52.49358846147276
-52.367963107638886 -52.7683828125 -52.51482617495938
-52.342179253472224 -52.71330078125 -52.49549973972569
-52.306329427083334 -52.7252421875 -52.489001630925806
-52.28709592013889 -52.6861015625 -52.452725869226036
-52.27969357638889 -52.69501171875 -52.46993471373622
-52.247231336805555 -52.69404296875 -52.45201775168075
-52.24215625 -52.697578125 -52.45502524565909
-52.22703819444445 -52.73168359375 -52.46545193656424
-52.21199782986111 -52.68509765625 -52.45632887118296
-52.189590277777775 -52.68014453125 -52.438456691968085
-52.17555034722222 -52.6812109375 -52.419807782557776
-52.16330251736111 -52.67034375 -52.419028857706586
-52.15461979166667 -52.68484765625 -52.44189349323714
-52.13439713541667 -52.69672265625 -52.43827281540406
-52.118493055555554 -52.67712890625 -52.41252145127722
-52.09568315972222 -52.67150390625 -52.42331921695157
-52.085663628472226 -52.66766015625 -52.41985473039662
-52.07856684027778 -52.6817890625 -52.4324556282125
-52.068021701388886 -52.666671875 -52.41274807914237
-52.05166753472222 -52.6608515625 -52.416908879553496
-52.03833940972222 -52.64668359375 -52.4095522154872
-52.02637109375 -52.680328125 -52.41017443005383
-52.00973524305556 -52.63520703125 -52.404167494111206
-52.00305642361111 -52.63509375 -52.39849123940871
-51.991399305555554 -52.6259609375 -52.38635750669548
-51.97716796875 -52.63631640625 -52.394295828683035
-51.96859895833333 -52.64973046875 -52.39466995817579
-51.96043489583333 -52.6320859375 -52.39228693273487
-51.95760199652778 -52.64665625 -52.39877396445464
-51.94277734375 -52.64541015625 -52.38456293074568
-51.936234375 -52.62213671875 -52.382493444503915
-51.92240625 -52.62380078125 -52.3818597821383
-51.9139140625 -52.623359375 -52.38055142624153
-51.90369097222222 -52.6050078125 -52.38728144194341
-51.900074652777775 -52.60011328125 -52.376485752294776
-51.889078125 -52.63313671875 -52.37733386811756
-51.87401866319444 -52.6050078125 -52.37889551398126
-51.87248567708333 -52.607484375 -52.38743658037992
-51.860296875 -52.60745703125 -52.3773067018381
-51.850797309027776 -52.59715234375 -52.378877882591375
-51.846661024305554 -52.60061328125 -52.38525011008868
-51.838650173611114 -52.5851875 -52.37896033047008
-51.82867317708333 -52.6005625 -52.37631590373314
-51.827711371527776 -52.5915546875 -52.369335029980185
-51.81668185763889 -52.58809375 -52.36351699754958
-51.80992838541667 -52.5928828125 -52.36844741035365
-51.80130338541667 -52.59630078125 -52.37340122293337
-51.79821527777778 -52.59165234375 -52.37065550096992
-51.79143446180556 -52.591265625 -52.365355970792336
-51.78337673611111 -52.5846171875 -52.376087451931106
-51.77805121527778 -52.5879453125 -52.36490683745596
-51.772703125 -52.5619296875 -52.36735066079306
-51.76550911458333 -52.57669140625 -52.36629558003447
-51.763526041666665 -52.57559375 -52.361008446696204
-51.75421050347222 -52.5813984375 -52.375090485064
-51.750612413194446 -52.5721953125 -52.36731965386601
-51.745032118055555 -52.57669921875 -52.36048478403638
-51.74059071180555 -52.56823046875 -52.36409923379229
-51.73471701388889 -52.5679765625 -52.36908789394664
-51.72967838541667 -52.5651328125 -52.36488928020985
-51.72427734375 -52.57547265625 -52.36813550231756
-51.72222395833333 -52.57674609375 -52.37682310647473
-51.71907074652778 -52.58455859375 -52.369676417581545
-51.714865885416664 -52.5707265625 -52.366861608447785
-51.70921918402778 -52.5704609375 -52.370298839750745
-51.70544401041667 -52.5740078125 -52.36716442645697
-51.70313845486111 -52.56830078125 -52.36668480519998
-51.697748697916666 -52.566890625 -52.370073798562395
-51.69480078125 -52.5632578125 -52.365053701447096
-51.69114409722222 -52.561734375 -52.37058211346062
-51.68883550347222 -52.56657421875 -52.37092523602633
-51.68542057291667 -52.5673671875 -52.3718655273912
-51.682246961805554 -52.5707578125 -52.37119013690856
-51.67974913194445 -52.5723203125 -52.36974142684417
-51.65297092013889 -52.59340234375 -52.3929721843397
-51.63708637152778 -52.6111484375 -52.412414817698846
-51.62496006944444 -52.62553125 -52.42732166108631
-51.61495572916667 -52.63721875 -52.43925646604903
-51.6063671875 -52.64698046875 -52.44903852130975
