-2.363137315862344 -2.464251561509064 -2.1810134352950166
-2.3491658611791992 -2.452181400224913 -2.169746222787278
-2.366554618991179 -2.466636197429375 -2.1684395317696414
-2.3412234355879997 -2.44365481005229 -2.1762350962817147
-2.332026420518532 -2.4354321753870343 -2.1544740410871457
-2.33871876075839 -2.4429679430249096 -2.1701245822614568
-2.338781802267643 -2.4415129963706232 -2.1589370546380504
-2.3403931972258882 -2.439735357792642 -2.160328850018383
-2.345187955230651 -2.4446902032439124 -2.160993849479185
-2.333583360616119 -2.4355019946756324 -2.173835199787422
-2.334338984336825 -2.433626449047642 -2.1700241435905876
-2.3527472799167404 -2.4528119721548953 -2.1593597110905987
-2.334443732231304 -2.43728340138578 -2.1550097666726638
-2.327488310987405 -2.4270810992305627 -2.1622053392727034
-2.3232561113187113 -2.424515543910041 -2.1510652935261074
-2.3334811735330065 -2.435762397443032 -2.1511022804291904
-2.32852229720825 -2.432764178380642 -2.148991024523159
-2.3263991975065177 -2.430307322482159 -2.1660808796228523
-2.3287531843804574 -2.4334710419564254 -2.1713057221030834
-2.338554422824081 -2.4481957619041825 -2.1581215399151588
-2.335758262183356 -2.4470739254918183 -2.168097423214613
-2.330594264732574 -2.4317528901972296 -2.1572455199793708
-2.3336063008225483 -2.4297561112787744 -2.151716214129383
-2.3298831861154645 -2.4342145750689927 -2.1678431211222464
-2.32927373198924 -2.427613813166772 -2.1677077537714506
-2.3321282578455125 -2.4270684611176345 -2.1555598251742194
-2.3215781372984017 -2.421563210824867 -2.166450478007159
-2.3302119650130213 -2.428009641807059 -2.1540217095529073
-2.326008061699888 -2.421206808068652 -2.166189357368514
-2.3241319542201433 -2.4232057239994096 -2.1609495140864707
-2.3245402328219744 -2.430981388897828 -2.1392959649292393
-2.3291185595634802 -2.430073640033578 -2.1542081308780934
-2.3166944171947965 -2.419412941074434 -2.157353163086077
-2.3232426748539896 -2.428207546929158 -2.1690846963325057
-2.319329699504498 -2.4241136445604874 -2.173299735681367
-2.3169835916330266 -2.4227626848635215 -2.1450658532755003
-2.327244665172436 -2.426226239121289 -2.1392183155686775
-2.3187030144662173 -2.4158848809316837 -2.152110980021188
-2.320492921293787 -2.4192048997074678 -2.147170628070354
-2.32066619834411 -2.4239734724967192 -2.16991278127682
-2.318932863893003 -2.4208241111696736 -2.132173613563421
-2.324220291367138 -2.424059609115983 -2.1488228373526845
-2.3169772702654234 -2.418827350647307 -2.1478773254298495
-2.32073042129704 -2.419273854379898 -2.1446729945686305
-2.319518133331679 -2.420098587827931 -2.1526878910231124
-2.3267083168559335 -2.4285704251085907 -2.15320634936045
-2.3155461854381634 -2.4228789665401145 -2.1574586899115826
-2.32419537734316 -2.4259217838535125 -2.142072633250284
-2.320082559067249 -2.421949307934238 -2.151185475424318
-2.315679555720566 -2.41235954341006 -2.148165680966209
-2.3234529440378044 -2.4224664955715953 -2.1411885113798657
-2.30947483720994 -2.4124188891921654 -2.149728229857194
-2.3175031774124477 -2.4232686386227207 -2.1570486150301504
-2.3138490744704443 -2.4117000436306166 -2.145755815512802
-2.316174804980319 -2.421219087457851 -2.1484854943590976
-2.314973434015453 -2.4149457176799856 -2.150192166888958
-2.3166370009299935 -2.415508267006031 -2.14898816265444
-2.311973491624897 -2.410021976948671 -2.1488751982878656
-2.3236829663091902 -2.423359432518437 -2.1424461167217785
-2.3188788258928508 -2.4170796118454723 -2.148163678181937
-2.315677403635841 -2.413385726293279 -2.141222643398655
-2.309060658845765 -2.411578322843802 -2.1562404435585707
-2.31826273453399 -2.4128937842216307 -2.1428120928079406
-2.3161027118366064 -2.4140748928317457 -2.1452165505692027
-2.3111332120082633 -2.416286341841124 -2.14047565637544
-2.3115716638546635 -2.410694973325181 -2.1495612584134403
-2.31361641479381 -2.4115400405832434 -2.1390276599349836
-2.3114824380830785 -2.413278109174458 -2.14707441628704
-2.3143577418937267 -2.411358189114539 -2.1448175590994225
-2.31566488358641 -2.4128082117490863 -2.153140349150079
-2.3108602537826153 -2.4104356743231024 -2.1455787664147987
-2.3151433382237014 -2.4154882612595836 -2.132047079765921
-2.309470263945173 -2.407923430867597 -2.1445132843091788
-2.313140236732736 -2.409096819252493 -2.139696719966687
-2.313807612101124 -2.4123096532175397 -2.1468824563117144
-2.310923449835275 -2.4084857686386227 -2.1365440232237765
-2.3096201419035998 -2.4068550841491057 -2.143856695843875
-2.3118113037418464 -2.4070469369580265 -2.1400063954646487
-2.3110333620552708 -2.4069786874689965 -2.1384652398717434
-2.308985786632015 -2.4092571289013445 -2.136644707222623
-2.3078272384251433 -2.4059314901204663 -2.1328182966373896
-2.307898733052065 -2.4064046007293287 -2.133784541830009
-2.3084423022059126 -2.406280046944856 -2.1424450306434726
-2.311627207975212 -2.4099447992245975 -2.143669647666419
-2.312609766488274 -2.407941017528382 -2.139918486854751
-2.3076750938300807 -2.405797664707295 -2.136204408982028
-2.308728501005736 -2.405084154011466 -2.134008977642013
-2.31003409387524 -2.4046101174661394 -2.139019314855009
-2.311018232391292 -2.408176481331551 -2.135809623446524
-2.3062405283870535 -2.403860464588069 -2.1339994731472554
-2.306520288556075 -2.403676543559387 -2.1388259069207844
-2.308344567057436 -2.406383267398481 -2.135815389527048
-2.3062372680634238 -2.4028237407460313 -2.1400958720782746
-2.3098048083963247 -2.4046994243446873 -2.137861994963111
-2.3078341440752763 -2.403882211830912 -2.1355049387577556
-2.3082546695642887 -2.4068292621726184 -2.135822701348441
-2.3072436737086983 -2.403426556044199 -2.136290179484393
-2.305164574141706 -2.402415298520935 -2.136370619996357
-2.305571462530696 -2.4028315100274873 -2.1360482778045826
-2.306790159302693 -2.40231515634615 -2.1398985201257643
-2.286316950291596 -2.407062542973263 -2.152334379518924
-2.2806194859454645 -2.414881426416038 -2.166085078136175
-2.2775214003576125 -2.4195934557606935 -2.1744518779306654
-2.275515867519275 -2.4223754962528883 -2.179504138726633
-2.274089028568775 -2.424223009307734 -2.182903269605564
