-10.901681004213483 -11.184650302844101 -11.001920280313671
-10.78920009655899 -11.0781689453125 -10.904192049976592
-10.824077539794008 -11.128758668363764 -10.942423703768727
-10.797729166666667 -11.119679764308286 -10.940244762406367
-10.80149913682116 -11.101016722261235 -10.929488822565544
-10.785879008661048 -11.087802185744382 -10.93642036809457
-10.754828476123595 -11.063359484726124 -10.896126155781836
-10.713573838366106 -11.057384897296348 -10.865616880266854
-10.691326135299626 -11.024347294153792 -10.812762684339887
-10.687738866455993 -11.00831329002809 -10.810444902855805
-10.692331021769663 -11.005148953212782 -10.81395233497191
-10.640941874414795 -10.960346515098315 -10.76124056355337
-10.62524530372191 -10.958523196102528 -10.760375190191947
-10.64545471968633 -10.975304051088482 -10.773611379330525
-10.642623683286518 -10.976163096910112 -10.770178999882958
-10.634144970154495 -10.954005497278793 -10.776876097261235
-10.630571468281834 -10.96666383207514 -10.760287701896067
-10.64711869440543 -10.987656030547752 -10.785588570926967
-10.626288857677903 -10.955359627370084 -10.770567869264982
-10.59062890625 -10.919849949525982 -10.710284702715356
-10.63002811914794 -10.998885072858146 -10.777786238881086
-10.63031406542603 -10.976853822858146 -10.775654918656366
-10.605526217228464 -10.963549640098314 -10.741460747308052
-10.630848548689139 -10.98654143258427 -10.773094349836143
-10.606971954002809 -10.959337693117977 -10.76687734082397
-10.612350040964419 -10.976500559603231 -10.766649403089888
-10.580932628160113 -10.920346844276686 -10.739584064840823
-10.580186066245318 -10.93191005749649 -10.733796670177902
-10.576683696161048 -10.938101299157303 -10.72812646301498
-10.573326779026218 -10.926083271155196 -10.716191552551498
-10.584842301615168 -10.941736964536517 -10.736838936680712
-10.605745025749064 -10.944739400456461 -10.747552083333334
-10.56331021769663 -10.91354920119382 -10.721024841994382
-10.585621561914794 -10.939911615607445 -10.748488559222846
-10.563099309456929 -10.897634963132022 -10.695732897354869
-10.551282917837078 -10.914586113061798 -10.707598168305243
-10.555392834152622 -10.899125866836377 -10.71011565133427
-10.544999268492509 -10.896876426439606 -10.700196336610487
-10.558968515917604 -10.92222228318118 -10.706531557233147
-10.533446614583333 -10.894233508163623 -10.689374707397004
-10.562610969686329 -10.926836266678372 -10.724140405547752
-10.537031557233146 -10.897986031864466 -10.697656835205992
-10.54347490929307 -10.90102171479986 -10.697240241690075
-10.53410467872191 -10.887793462517557 -10.693406557233146
-10.532818366690075 -10.898640383602528 -10.682439284878278
-10.555386352996255 -10.907872465326545 -10.70646864758895
-10.527982634012172 -10.880424146330759 -10.686754740168539
-10.540568088717228 -10.894876283795647 -10.685715194873595
-10.515309764161985 -10.876220757988062 -10.670343662219102
-10.526521052785581 -10.88457760928722 -10.671146564840823
-10.51753673630618 -10.892429446102527 -10.68069368855337
-10.521977220856742 -10.878602473226826 -10.673534644194756
-10.506966628628277 -10.85748902738764 -10.66386170119382
-10.50940701076779 -10.874238390976124 -10.67433125585206
-10.50877260358146 -10.864123013957164 -10.666622849367977
-10.500672343164794 -10.856509941186797 -10.65125
-10.513684998244383 -10.877144542222613 -10.663546348314608
-10.497984667602996 -10.866029121313202 -10.671985384480337
-10.49242582514045 -10.851328125 -10.646010577598314
-10.499068015566479 -10.855419757285814 -10.661081533824907
-10.485610472261236 -10.844064420207163 -10.649267614700374
-10.483869323501873 -10.84305696980337 -10.642886235955055
-10.495967447916666 -10.861433900983146 -10.660875321863296
-10.481853435159175 -10.832655756232445 -10.634818439840824
-10.48482196570693 -10.848742758075844 -10.644135650749064
-10.484797621137641 -10.837324493065308 -10.646450067298689
-10.477863573852996 -10.833623595505617 -10.632837737008426
-10.48141951954588 -10.832017753686797 -10.640974148525281
-10.474520584620787 -10.828571201281601 -10.638378686797752
-10.470938348548689 -10.827662120347613 -10.631908649344568
-10.469934208216293 -10.817761312763343 -10.629966204353932
-10.469648305828652 -10.830844616836377 -10.62776239173689
-10.475466833450374 -10.841816351386939 -10.633907274110486
-10.469164633075843 -10.818777760709269 -10.628913345622658
-10.461971163974718 -10.828941910990169 -10.624949599133895
-10.460022413389513 -10.818682628160113 -10.624910756086143
-10.456882900280899 -10.814106829353932 -10.619213117392322
-10.45586952832397 -10.823227429336377 -10.615997337312734
-10.450998712546816 -10.807780295382726 -10.613858848314607
-10.456327642205057 -10.81694582821278 -10.615713146652622
-10.451991938787453 -10.81161769224017 -10.619458465004682
-10.454109477411048 -10.815835948472612 -10.618481829353932
-10.447863515332397 -10.810828377370084 -10.616405152738764
-10.445157932467229 -10.805109177492978 -10.609045821629213
-10.446039706226593 -10.815005980073735 -10.614631539676965
-10.442436900163857 -10.806919603669241 -10.608739905196629
-10.441432394077715 -10.806447068117977 -10.605292090941012
-10.443842755149813 -10.80639922752809 -10.610247103230337
-10.44022488003277 -10.804880563114466 -10.611548528206928
-10.43771163974719 -10.800325063641152 -10.603633397705993
-10.434026743913858 -10.797681102966994 -10.601542310393258
-10.43583434281367 -10.799104415379214 -10.600499400163857
-10.433419314723782 -10.79685031162219 -10.599802566128277
-10.43132661809457 -10.799773031513343 -10.597088014981274
-10.429683345037454 -10.792704858672753 -10.600323033707864
-10.429553999882959 -10.795491518170646 -10.596976825842697
-10.427222305126405 -10.791186742889748 -10.59490629389045
-10.427364934456929 -10.788297599192417 -10.595642921933521
-10.427054146184457 -10.790369996488764 -10.592452817766853
-10.423668173572098 -10.790991101211377 -10.590257124882958
-10.36402892380618 -10.792686150368679 -10.595686227176966
-10.34702588073502 -10.815201950930478 -10.621245245201312
-10.338722261235954 -10.834356950052669 -10.64158122659176
-10.333566757373596 -10.848045997191011 -10.655448706694756
-10.328864363881086 -10.857792749297753 -10.664523130266854
