-6.143731637201805 -6.164361756582589 -6.161655956017228
-6.129503513172582 -6.145954510083059 -6.144475554175964
-6.131479510590691 -6.150965693927317 -6.152704817496031
-6.136539587892677 -6.1568352888551345 -6.1571958233663
-6.134360820156693 -6.154317176578631 -6.157156854726251
-6.148922626896072 -6.166652830585627 -6.168959433394297
-6.144783456686786 -6.1643506818514595 -6.163132557402064
-6.121959488582218 -6.144118367430264 -6.14214263159165
-6.132777751824846 -6.148025145397015 -6.152925648169999
-6.115321088725828 -6.1356716787974985 -6.134156256033854
-6.125055124932796 -6.145518648389028 -6.145120950278362
-6.131103515625 -6.148710421098235 -6.150422537383077
-6.120251943108837 -6.139313241466448 -6.1394701622570365
-6.120302047389566 -6.139345271449328 -6.14370671547831
-6.1125823024909165 -6.1334679455798025 -6.131887820263559
-6.11971397491824 -6.138401405175965 -6.139008672994615
-6.122236321688911 -6.139831893375254 -6.142067468208294
-6.115173095557307 -6.131968394301258 -6.135598397408392
-6.109146852385193 -6.125062023522578 -6.129607702281601
-6.104307977085539 -6.123296087876999 -6.123376625117995
-6.107877566008258 -6.125384234088188 -6.125528163348494
-6.112147605870174 -6.129826546329133 -6.129536636890715
-6.114612355512489 -6.134008746950866 -6.1365006597013645
-6.121619181225993 -6.139603874592108 -6.141062010252188
-6.063292312698017 -6.082284032937885 -6.08356878492931
-6.055858641889262 -6.075288636908517 -6.076602264773556
-6.052653223295166 -6.072366366084301 -6.073713875651657
-6.050811216362319 -6.0706981168582494 -6.072088078847722
-6.049575060758019 -6.069611812697912 -6.071026497669592
-6.0486743049922485 -6.068838064854027 -6.070262494435446
-6.04799459703085 -6.068271393112176 -6.06968989007659
-6.04744138503102 -6.067816222919831 -6.069225626917425
-6.046990383652034 -6.0674397449146245 -6.068835161144126
-6.046621874829712 -6.067140249489934 -6.068522481804578
-6.046290769069166 -6.066876542668563 -6.068246483268793
-6.04601452342318 -6.066665104555518 -6.06802498216661
-6.045767787411858 -6.066464514902138 -6.0678156828579555
-6.045561368300944 -6.066293038843871 -6.06763985467798
-6.0453620548666915 -6.066142228912707 -6.067485639427615
-6.045182408376645 -6.0659935057072705 -6.067335547310778
-6.045026925712625 -6.0658617277204065 -6.067203774644941
-6.0448648468956385 -6.065744431107278 -6.06708301376255
-6.044717304588545 -6.065627448760073 -6.066962303162276
-6.04457784677995 -6.065523464451446 -6.06685366865024
-6.044451898053533 -6.065419542996003 -6.06674284686615
-6.044332648558069 -6.065335080886517 -6.066650411575882
-6.044222238628289 -6.065235433447629 -6.06654688069864
-6.044117307754297 -6.065158576573482 -6.0664669907963615
-6.0440222656625435 -6.065072970536036 -6.066381477677422
-6.043944042880924 -6.065009400825116 -6.066320938009525
-6.043859107459834 -6.064930658355431 -6.066247006538016
-6.04378147465302 -6.064853147808163 -6.066174524867523
-6.043702265507274 -6.064779081615414 -6.066108982129066
-6.043617506072986 -6.064711426447494 -6.066049733035484
-6.043542359708282 -6.0646267380665435 -6.065975206558933
-6.043467141272792 -6.064551025120356 -6.065911029817966
-6.043404672662134 -6.0644885993373965 -6.065856163648846
-6.043336944560175 -6.064410208845545 -6.0657863804519225
-6.0432815196117815 -6.0643454072122065 -6.065727759884793
-6.043218631984926 -6.064291328332164 -6.06567505584667
-6.04316030325429 -6.06423978872078 -6.065625469299751
-6.043107992434271 -6.064186891480608 -6.065573536254076
-6.043061367664039 -6.064135062744574 -6.065519734389749
-6.043023424909402 -6.0641026556425865 -6.06548467937441
-6.042978644648468 -6.064053605017313 -6.065433927958465
-6.042932433028206 -6.064016534209028 -6.06539459896325
-6.0428882812915665 -6.063975742492212 -6.065350635632991
-6.042847359331771 -6.063946679179646 -6.065319360156719
-6.042806511956859 -6.0639172261773355 -6.06528592254945
-6.042768875922077 -6.0638823175186 -6.065248914911932
-6.0427281768788985 -6.063841186394589 -6.065207289700077
-6.04269182722384 -6.063805699486555 -6.065168463526024
-6.042646988300639 -6.0637676104566784 -6.065130986588754
-6.0426148707091665 -6.063735831886537 -6.065097783631361
-6.042578305679784 -6.063705825776202 -6.065066893651313
-6.042541508515428 -6.063672274746255 -6.065032919701472
-6.042510759430854 -6.063639829932356 -6.065001501759204
-6.042475566260499 -6.063612815633609 -6.064974517023513
-6.042448476863387 -6.063593180298735 -6.064957697655647
-6.04241936529411 -6.063553004543129 -6.064919022327941
-6.042380856029575 -6.063524733180689 -6.064893051614927
-6.042346127129165 -6.063492979751821 -6.06486219515629
-6.0423113605172984 -6.063466078588807 -6.064838369813567
-6.042281101681675 -6.063434287448028 -6.0648099939393285
-6.042247892133995 -6.063409787276665 -6.064787886568909
-6.042226086531122 -6.06337798356525 -6.064758898928924
-6.042197825564724 -6.063347474629437 -6.0647320985609925
-6.042165279738699 -6.063317833067574 -6.064706111087274
-6.042137817417172 -6.0632965132673515 -6.0646867776135975
-6.0421098279732695 -6.063256991184866 -6.064651471187677
-6.042080507733926 -6.063226507390327 -6.064625508855016
-6.0420428792414365 -6.063201730664953 -6.0646040886735175
-6.04201677956058 -6.063172742776208 -6.064580363895027
-6.041992924968506 -6.063131724787929 -6.064543666330558
-6.041958073715367 -6.063099619381227 -6.06451674863769
-6.041937354202476 -6.063066445470387 -6.064486369859156
-6.041906503715983 -6.063031348252098 -6.064457591727988
-6.041885311552822 -6.063012530008624 -6.064442481952073
-6.0418484406416155 -6.062980412031286 -6.064415857571548
-6.041830487473655 -6.0629513487187205 -6.064391495886253
-6.041799434183322 -6.062920814641634 -6.0643657011606455
-6.0417712134424795 -6.062897269838677 -6.064346417969086
-6.0417447718444075 -6.062858866542878 -6.06431522629634
-6.0417178366452555 -6.062837848437942 -6.064298608056938
-6.041691951500692 -6.062811927784607 -6.064277925346477
-6.041658679100582 -6.062781519413891 -6.0642527591473225
-6.041628716928426 -6.06274752841165 -6.064223377630761
-6.041600532222976 -6.06271856566418 -6.064199493625568
-6.041574111575713 -6.0626930724125 -6.064179447821913
-6.041548440129411 -6.062667855714833 -6.064157315310435
-6.041522099095225 -6.062643757803851 -6.06413646499292
-6.041502529362778 -6.062612570053646 -6.0641097651892215
-6.041478619460566 -6.062592306186925 -6.064093968224384
-6.04145821001966 -6.062567579744098 -6.06407196979855
-6.04143153461055 -6.062543230420379 -6.064049409889084
-6.041394641910501 -6.062524588165822 -6.064032883833562
-6.041371616132464 -6.062499220620511 -6.06401107815584
-6.0413450094420105 -6.062479132742708 -6.063990387065026
-6.041320774383229 -6.062455323956375 -6.063967902578735
-6.04129551022067 -6.06243904498156 -6.063951560890972
-6.041274592094101 -6.062412080965361 -6.063923218538145
-6.041243460028724 -6.06239096229533 -6.063900700530443
-6.041217835512235 -6.062374444478413 -6.063882238613447
-6.041189528454056 -6.0623500448721455 -6.0638540303462625
