-10.378113234546424 -10.53677795596808 -10.7258611328125
-10.055548663534697 -10.252615813742354 -10.4204421875
-10.002557651054227 -10.187153126194572 -10.3420412109375
-9.965286173512279 -10.168893087311258 -10.32043671875
-9.945783449844605 -10.12801368083429 -10.2778828125
-9.926847687031902 -10.12216188389956 -10.2631361328125
-9.886689344658597 -10.09662660371273 -10.2369501953125
-9.853221339394892 -10.034597153036602 -10.1808734375
-9.843926299367803 -10.031303606412461 -10.1933728515625
-9.828056337781495 -10.015352077659117 -10.177826953125
-9.788161963492664 -9.980752535478784 -10.1286302734375
-9.791753312636926 -9.99981178027045 -10.138078515625
-9.774999980097908 -9.974020077766628 -10.0965029296875
-9.757495675275338 -9.93823566961726 -10.085255078125
-9.755089943525823 -9.963740301569667 -10.1178572265625
-9.751598038502854 -9.94271382089784 -10.0915548828125
-9.758359343156652 -9.945799661338876 -10.10504609375
-9.742088536845937 -9.939750573394495 -10.090390625
-9.733010529135601 -9.923244501982989 -10.0879654296875
-9.742725121853876 -9.928866754467698 -10.08236015625
-9.722058208710854 -9.926669003547879 -10.0660109375
-9.725536596896124 -9.925559918231556 -10.0820361328125
-9.716388666501436 -9.908389739523605 -10.0597330078125
-9.715774537687663 -9.904734536267203 -10.0654591796875
-9.707701121257346 -9.877520471975345 -10.04590234375
-9.710155679473354 -9.907926656273892 -10.0548474609375
-9.687914096200876 -9.878291866757454 -10.030254296875
-9.705164068868669 -9.911961882704988 -10.057453125
-9.684334472706006 -9.896696822140195 -10.0472158203125
-9.687735226146149 -9.88216735653192 -10.04262734375
-9.68275169247393 -9.89093532737242 -10.044648828125
-9.68408300976954 -9.885678501887423 -10.02397265625
-9.686354468736202 -9.890696599651186 -10.0343376953125
-9.673158469348655 -9.871826321196483 -10.02692734375
-9.672249092995314 -9.869107848934442 -10.02490859375
-9.679641642262279 -9.879579615228403 -10.0365203125
-9.671914936865257 -9.85729607165042 -10.019875390625
-9.664094923825406 -9.867550388534498 -10.02220078125
-9.663182081190984 -9.864098411816705 -10.023046484375
-9.655524900436466 -9.869093364750574 -10.0123517578125
-9.662480532436696 -9.86631661977972 -10.0115615234375
-9.655875210431455 -9.878147472883219 -10.0224041015625
-9.658471189598476 -9.865390751923261 -10.019828125
-9.644394506040683 -9.841547956087538 -10.002064453125
-9.651566473784433 -9.856734249569953 -10.002833984375
-9.649393961386757 -9.851880853402141 -10.0020841796875
-9.641775705807802 -9.840341737146407 -9.994782421875
-9.639931096966178 -9.839109610927943 -9.9929625
-9.63424268093921 -9.839287079510703 -9.99467421875
-9.634933101106874 -9.833275097954893 -9.9883845703125
-9.631901349043426 -9.846292048929664 -10.000011328125
-9.633090980026791 -9.841407257920011 -9.9989271484375
-9.628457623668949 -9.829330323012233 -9.984510546875
-9.63495038275704 -9.82937575407349 -9.985651171875
-9.627357916972716 -9.8330903872802 -9.9979517578125
-9.62720699277262 -9.833399258768157 -9.996760546875
-9.62718488486507 -9.839908630184443 -9.9927982421875
-9.49999686542046 -9.796663411458333 -9.95658125
-9.482582269279025 -9.829252377198012 -9.99170703125
-9.475792620728745 -9.851794806897457 -10.01527109375
-9.47207013338117 -9.865573670740156 -10.0301845703125
-9.469651365761184 -9.874140094908734 -10.039699609375
