-6.125216484128762 -6.0869297952523755 -6.139238581521844
-6.080250280276636 -6.0453529693928925 -6.092223215751506
-6.052601750558139 -6.019349955495552 -6.06584744636149
-6.044907873238675 -6.001573020570744 -6.062285415026992
-6.035231177528814 -5.996116952980123 -6.052837810351321
-6.0394563900658955 -6.0151416140128795 -6.056710411797937
-6.0260457505137195 -5.992017241059269 -6.042489974843557
-6.029993251392451 -6.002207339113931 -6.046724147348675
-6.020327509646731 -5.9843926286056295 -6.042351193422145
-6.023142648254511 -5.9926096527566495 -6.049439721408085
-6.024738426578626 -5.986895975494031 -6.041577955701
-6.023467555504913 -5.982604640912943 -6.042465756938543
-6.016585086289475 -5.983817704032293 -6.0340610122209135
-6.024261491583493 -5.994936175958724 -6.0434419610739045
-6.017574775440718 -5.98327178318411 -6.037340765388404
-6.011975338311522 -5.9815981409093215 -6.0300864088815285
-6.016363773967153 -5.975611828630259 -6.0343363494307205
-6.013860717720629 -5.978412881072163 -6.034995928977712
-6.010913769428651 -5.977848992062543 -6.0352815644555395
-6.0100237221220105 -5.9723646281547 -6.036720945454941
-6.009940767721401 -5.9735707869726475 -6.031413659471811
-6.012180808123725 -5.974475816382707 -6.039155674805895
-6.00855284313006 -5.972462788079146 -6.031461944391465
-6.008566331895819 -5.9795895834238815 -6.029130650391832
-6.004865461179392 -5.974996921360686 -6.029669008384676
-6.0048057726365025 -5.968063191788364 -6.033889864814296
-6.004809061843366 -5.9748346419814125 -6.024659787473926
-6.003993429069974 -5.971168995566759 -6.027394128523592
-6.0027176392740715 -5.965290916701075 -6.024315814005282
-6.002357999206245 -5.9696920975856225 -6.028180173065223
-6.000064426207821 -5.955709953467272 -6.020581465863769
-6.000916783428481 -5.967623919759793 -6.0187183281105145
-6.004927262056965 -5.977364728889589 -6.032187066944627
-6.001571727884942 -5.968476402908771 -6.02344368650533
-5.999970276433394 -5.960347606674852 -6.020666077640944
-6.000084523563516 -5.964013253089505 -6.021004977420764
-6.001759967081377 -5.964702381599154 -6.021037928106169
-5.996958539819078 -5.956907312130563 -6.015706933473037
-6.000162317832257 -5.9652372951799375 -6.021468833291486
-5.996363283905507 -5.960437164518863 -6.018933893870954
-5.998342933793879 -5.965143238221488 -6.014004116742072
-5.995315958193638 -5.959258905869698 -6.017797859107018
-5.994583249644645 -5.962003875010866 -6.013769595378409
-5.993352362048854 -5.956774800477008 -6.013111185231816
-5.993066472637661 -5.961227961696294 -6.012539084379104
-5.989746787802824 -5.953064134621654 -6.011559560655516
-5.991132056887708 -5.9568157735443465 -6.01242559595662
-5.9881144057362805 -5.95345117164863 -6.009601173353726
-5.989033150618395 -5.951129798376289 -6.006097819513385
-5.9873005231830545 -5.956963819876058 -6.007153467430615
-5.987569604445414 -5.9548515280916785 -6.0043409463059625
-5.987288271641895 -5.956626839034249 -6.009226455971396
-5.986755631363559 -5.949155932175765 -6.006192484361722
-5.989561264465268 -5.955954405351762 -6.011754586463805
-5.985688238472205 -5.955967732917173 -6.0062504639879
-5.9860273587174 -5.949628339191803 -6.00568500231164
-5.987392500270379 -5.95601637428648 -6.005157621593499
-5.984391717620203 -5.950393443313195 -6.007777512294548
-5.983932043417048 -5.94980637961977 -6.004347019643513
-5.984197503534237 -5.954475385146833 -6.006340149453898
-5.984580650869461 -5.951945383127608 -6.005729986504365
-5.985123098415967 -5.951786414417449 -6.004656854165058
-5.983136055356205 -5.953589880195657 -6.004716040914227
-5.983672045193823 -5.948263041885793 -6.003213003038328
-5.983659552242986 -5.948848917133896 -6.000400066965148
-5.984908545564628 -5.956965828914581 -6.005723309605319
-5.98157555302129 -5.947909054957334 -5.9993518315375365
-5.982836828060302 -5.9502633368466045 -6.003698605984192
-5.982294380513797 -5.949007602880882 -6.000156454456457
-5.981146869785551 -5.952643962607209 -6.002657160623406
-5.983914299805713 -5.950727056893254 -6.000969508375019
-5.982825089514709 -5.9489474732067835 -6.000944875521477
-5.981109783223766 -5.949980769822815 -5.998453600002897
-5.981977620840029 -5.948447788540943 -6.0015830663579655
-5.981654282752534 -5.9527441032738615 -6.002607611996871
-5.981068924635761 -5.947188545831884 -6.000529813825421
-5.981490908752935 -5.946243703503492 -5.99927185963936
-5.9809702182536615 -5.949266570776107 -5.999432539026286
-5.980090581739386 -5.948155940325105 -6.000303648016214
-5.980323391197624 -5.9508258676329975 -6.0021174257559
-5.980574125324455 -5.946389712500363 -5.9992141817939295
-5.9801115240289535 -5.948052913434095 -5.997956359636945
-5.979754992110732 -5.948168758556807 -6.00013068992511
-5.979774817880539 -5.9466736660436945 -5.999956336098047
-5.979345863058912 -5.946353606399586 -5.999931533492835
-5.979050950961003 -5.948655087360918 -5.998333170623213
-5.980043718085641 -5.948593033537248 -6.001167816048942
-5.978728850098109 -5.947667262926664 -5.9985086372667835
-5.978499299670524 -5.946748396617481 -5.998228414981121
-5.978987279158426 -5.948474132412277 -5.9982724183864145
-5.9784200871199245 -5.948131464010706 -5.997165637493723
-5.9786848833605 -5.947708094512416 -5.9972501738257105
-5.978387919280329 -5.946063003221705 -5.997891156134116
-5.978666234462873 -5.947310333181212 -5.997725120138916
-5.978276478537714 -5.946696529468011 -5.99667645090148
-5.978617349003074 -5.94570836547795 -5.997194683890703
-5.977995025029355 -5.946122651858412 -5.998338923318719
-5.977991343531766 -5.94539014509446 -5.997673760827893
-5.977801595524844 -5.945841103502043 -5.996474748194144
-5.977737652136379 -5.946078198344054 -5.996603231347535
-5.974755186445522 -5.944400736066441 -5.995495903477239
-5.9735192594227025 -5.943879574495828 -5.995067638873465
-5.9727339235639025 -5.943743808765792 -5.99487114188403
-5.972213715883984 -5.943737413798099 -5.994776458174395
-5.971785877582118 -5.9438139553361875 -5.9947663485193425
-5.971441597205056 -5.9438847810181965 -5.994757219651721
-5.971135972552685 -5.943927791420376 -5.994741677943208
-5.97087968600326 -5.944003795328436 -5.994769969888317
