-30.087282524748613 -30.052067905805686 -30.16378344207711
-26.723522190660983 -26.810327453481797 -26.861997022634263
-26.458536714623502 -26.620482399154458 -26.62428650919012
-23.865417930468073 -23.97980270155644 -23.976020089926767
-22.086850528467284 -22.274711954033823 -22.32885195290063
-21.074607927115135 -21.291121443814628 -21.377935857624927
-21.46346754165674 -21.605882979117297 -21.66710268882826
-20.65781455693945 -20.863031955178265 -20.884798158385983
-21.164740592453526 -21.435207329141534 -21.384648673086588
-25.73208204050763 -25.790495577068075 -25.915783684394743
-18.722737368183413 -18.87766103814358 -18.992681530684592
-20.645777657857412 -20.838287813711762 -20.848157993340752
-19.719265114705152 -19.979335878594895 -19.909773141334004
-20.408910783329095 -20.539528691835415 -20.635744150721568
-20.067018947079898 -20.292021219302026 -20.31139947408099
-18.777205833314124 -19.042536218224903 -19.05033980560741
-21.92650107145583 -22.057162776685697 -22.158698137295378
-20.691724990609867 -20.86572602225603 -20.891282118304854
-18.945754872994016 -19.115582335873547 -19.162480423876364
-19.936833189953997 -20.094500408969733 -20.150026026708787
-18.549801975235347 -18.6987487714078 -18.794850077182655
-19.824150665146494 -20.031618998411243 -20.01432114041858
-19.6213029790905 -19.80364593150851 -19.841521743520246
-19.45520642738684 -19.654180327041146 -19.65646707621338
-19.95972638795109 -20.14575752807249 -20.154406534947586
-17.837421588122147 -17.998983886929125 -18.058106450360786
-18.689290281769438 -18.844714360728133 -18.940391404679424
-17.947835082271688 -18.126285603928803 -18.197332935453762
-18.29850495494209 -18.48675918414746 -18.54998249928202
-18.885996251333015 -19.124193000053857 -19.119158013533887
-18.37047243457867 -18.55740954700291 -18.605817642518666
-17.205469983707975 -17.422225064627316 -17.495689326356977
-18.54384464585532 -18.7127799675517 -18.738904993538195
-18.281024526240714 -18.46893113319959 -18.491834540808085
-18.89032562031517 -19.068097668031022 -19.096875168276135
-17.577289207540872 -17.76291999340263 -17.841220108549326
-18.69069262775585 -18.92056814815812 -18.905613074831276
-18.132210770393826 -18.306470852070767 -18.363725358764718
-17.477539177300216 -17.672954225683974 -17.74853641832101
-17.89450638129359 -18.076614294417816 -18.11863285176443
-17.6948220121321 -17.883034025271975 -17.982232003428347
-17.85305578177917 -18.024036017947545 -18.071266204991744
-17.54163303195595 -17.70090385676971 -17.78653653499246
-16.941382088059807 -17.173953508724686 -17.21072827667289
-16.503169384217387 -16.706426420791146 -16.79670630317526
-17.4521628344111 -17.60085795286245 -17.6646710986861
-16.538221345888783 -16.75332140645196 -16.795195884638858
-17.085446795457646 -17.28015646879039 -17.343511749039703
-16.978904391989172 -17.176996588552885 -17.2599315172225
-16.91981083690066 -17.152255181966286 -17.151154458420088
-16.6405730009791 -16.8123070857793 -16.926617862848218
-16.956942424208933 -17.13453547433757 -17.168064807626724
-16.625376641764028 -16.833956815825616 -16.910935228272187
-17.06135379345204 -17.288468189559996 -17.30243905038412
-16.30449026972295 -16.53845325290823 -16.56928615581024
-16.259486883502156 -16.505626068706913 -16.501188870889575
-16.059906063040398 -16.29594535120907 -16.33966537729753
-16.780778249542987 -16.909345884047823 -17.01137378392447
-16.12697581359772 -16.33639569757109 -16.409859943773334
-16.163849847277856 -16.416548505829923 -16.446921360075027
-16.60701089635981 -16.820663616504202 -16.864412065623206
-16.288224839189258 -16.495892841514973 -16.53366434183838
-16.242501665689797 -16.467865581915124 -16.490655205566124
-16.07568165003336 -16.259625304623547 -16.316712232104393
-16.04421835210771 -16.291784967753664 -16.32605786791894
-16.080583362504857 -16.315849807127854 -16.352732299594344
-15.895389093302212 -16.098078473381623 -16.12891606610784
-15.961215009805446 -16.188852713674063 -16.23716543899878
-15.791413917778115 -16.036075169646704 -16.075827329614803
-15.562113905840295 -15.828822604750108 -15.843315146422674
-15.760178373403832 -15.987545146555902 -16.06517699283817
-15.723827762984966 -16.006046609085523 -16.000657398765078
-15.532932567837427 -15.73762361657152 -15.834410113620047
-15.540202052955268 -15.776721670010232 -15.835568274115092
-15.270651643806946 -15.49066943127962 -15.562921531716686
-15.171641082728618 -15.39441228272431 -15.482836956131534
-15.58089657627301 -15.800322631678156 -15.856638128904006
-15.534095082588642 -15.79756755574106 -15.80685531730148
-15.443322426638 -15.642841725347372 -15.693638853613225
-15.283264547497438 -15.52812992278382 -15.552158449929998
-15.711253439835124 -15.90762038520573 -15.998806781976953
-15.373925737038771 -15.577999195524558 -15.64891666629272
-15.022586631906353 -15.263622647161784 -15.315178956059736
-14.978036557562785 -15.193009941498815 -15.237133887223578
-14.907435750840808 -15.1425068077472 -15.200561733782669
-15.019193623001867 -15.225097235499247 -15.293358870171597
-15.014330858037358 -15.243684110431927 -15.305210558317777
-14.866534259383387 -15.103455247266803 -15.168974340133184
-14.897938471784707 -15.126250471240844 -15.173653117820217
-14.982334093584184 -15.209887726868807 -15.232517932626724
-14.922749439382345 -15.170900120503015 -15.18857808910109
-14.781322915225967 -15.017128763194744 -15.067756385518381
-14.69830375459313 -14.940954153314843 -14.999223125179494
-14.775886166706432 -15.023097007452337 -15.061527924863585
-14.598537799985058 -14.851818842396865 -14.886736418994113
-14.793796869247721 -15.02356614454303 -15.068453329175043
-14.66672973317331 -14.920002659144766 -14.95249676909822
-14.658016941833846 -14.89277051328226 -14.934156493439474
-14.527636920833434 -14.76145988309861 -14.798177036589962
-14.57992894584328 -14.810841610903166 -14.860784452855759
-14.124333159282184 -14.396675816593064 -14.440784750143596
-14.028659824938329 -14.311075337947006 -14.357680319096424
-13.986840740609601 -14.276728717585362 -14.321181506004093
-13.960431061912727 -14.256348708126884 -14.30055379675833
-13.944151618741941 -14.242836823601088 -14.288588381991312
-13.932771672442291 -14.232915205259047 -14.280733392267376
-13.924294170061529 -14.225503680727597 -14.27525838800438
-13.91764663132804 -14.219850683972426 -14.270880123447371
-13.91225089189953 -14.21514174672151 -14.266911611277642
-13.907473945573859 -14.210895319736913 -14.26325426972645
-13.901542974454957 -14.2050570874623 -14.259089154939689
-13.895164011265802 -14.199642130446199 -14.253973139763426
-13.89109284286797 -14.196551085032045 -14.249493909525775
-13.88801214094138 -14.193970410282475 -14.246112120144673
-13.885178727444194 -14.191205657078038 -14.243480561862794
-13.882376130575315 -14.188180143593817 -14.241344156106404
-13.879614961905888 -14.185052177301001 -14.239492697937608
-13.876876694784201 -14.181678702943236 -14.237519520031592
-13.87368630059363 -14.177661479931873 -14.235048525227958
-13.869474760231247 -14.17311526803506 -14.231423296372416
-13.864837873455794 -14.169184824866706 -14.226570493116384
-13.860144492267 -14.165313181616222 -14.22231352760626
-13.85584322567674 -14.160302776450076 -14.219193127153934
-13.85203471973576 -14.155301207049764 -14.216659589720347
-13.846688788484327 -14.147932073156776 -14.212731183362651
-13.838351332946889 -14.136617664631355 -14.206060577164704
-13.8309063371395 -14.12773666809161 -14.199066740558587
-13.823048523259443 -14.119282207628716 -14.190826538716973
-13.813079721375003 -14.1086544643338 -14.179942999264073
-13.80091222740715 -14.095383775177725 -14.166845647032956
-13.786943809426901 -14.079968834991652 -14.152104377198809
-13.772891070249573 -14.064754382539853 -14.137341511927412
-13.761701334544277 -14.05320372246607 -14.12536866496446
-13.753610068508983 -14.045338628621822 -14.116539075962091
-13.746855661947372 -14.039044197342202 -14.109227197461948
-13.74048386084576 -14.03338920202095 -14.102735524886919
-13.73460384546793 -14.028450534858358 -14.097100377836014
-13.729501650192644 -14.02459530088728 -14.092617361385338
-13.725376652104812 -14.021738298080031 -14.089130399420233
-13.722055267581112 -14.01960193612667 -14.08639633292648
-13.719385995827624 -14.017903365332831 -14.084124184421668
-13.717179138688364 -14.016442097964239 -14.082163627225732
-13.715275001832596 -14.015116522713809 -14.080381162272042
-13.7136343660887 -14.01387404573729 -14.078739348120692
-13.712153219612555 -14.012694155435426 -14.077225003141155
-13.71082172179096 -14.011540772431065 -14.075778950226162
-13.709588370486399 -14.010419787234758 -14.074399085924037
-13.708466344172177 -14.009281025319098 -14.073068161931003
-13.707394066882248 -14.008171505580838 -14.071796555275345
-13.70639461795133 -14.007049258132271 -14.070566877423177
-13.70540093356868 -14.00589650625404 -14.069357112246912
-13.70446881978451 -14.004744385501938 -14.06820343911545
-13.703583137868 -14.00353051957669 -14.067047522302197
-13.702690509442979 -14.002284781781828 -14.06593689981512
-13.701848824271218 -14.001002228295993 -14.064843104941485
-13.701016128788918 -13.999690432632756 -14.063787733118538
-13.700216227171477 -13.99832320305768 -14.062733483136487
-13.699413459930314 -13.99695828761175 -14.061717095284678
-13.698642419174899 -13.995608834756032 -14.06073927071367
-13.697868440059747 -13.994224354400043 -14.059747563361574
-13.697095336843956 -13.99287658454734 -14.05880914345204
-13.696335997604486 -13.99155363898912 -14.057890355758184
-13.695589515989248 -13.990272978881679 -14.057015319859277
-13.694822557652213 -13.989024926957669 -14.056147575926191
-13.694076202010494 -13.987836832016104 -14.055315169981332
-13.69331627058594 -13.986692915903705 -14.054478977823448
-13.692573034705827 -13.985591600805149 -14.053623013219774
-13.691827630766666 -13.984543721052349 -14.05271824853712
-13.691090945509584 -13.983546962516156 -14.051770853900416
-13.690324235395154 -13.98250371102165 -14.05072389588419
-13.689523899333384 -13.981401554421586 -14.049578075639001
-13.688616114431706 -13.9801889507486 -14.048260193046382
-13.687526539882079 -13.978884833786623 -14.046732105515867
-13.686414768141 -13.977505612815058 -14.045098985631462
-13.685301469381777 -13.976038770498977 -14.04347596231512
-13.684199649329681 -13.974517335772566 -14.041791658439834
-13.683061910831269 -13.972943938328038 -14.040019009593983
-13.68190600782763 -13.971391157670455 -14.038131932976738
-13.680742044271394 -13.969895599115414 -14.036152164255457
-13.679516352156838 -13.968460733856634 -14.034051797637852
-13.67822188989283 -13.967161245152951 -14.03187752975122
-13.676840354950981 -13.966001235324214 -14.029643664066988
-13.675410016114865 -13.965079054859165 -14.027517775568997
-13.6741236277676 -13.964361254072868 -14.025616395480327
-13.672973163971921 -13.963705093272027 -14.023954949113296
-13.67198848614823 -13.963073020451853 -14.022521657138498
-13.67111215124781 -13.962459776227918 -14.021313574723578
-13.67033248864561 -13.961847899443935 -14.020283724781017
-13.669627792775534 -13.96126905159414 -14.019427900407452
-13.668973341279541 -13.960740378271758 -14.018668133660611
-13.668356986804964 -13.960184250962678 -14.017970488853388
-13.667764530492985 -13.959683873128501 -14.017322625735927
-13.667204679633294 -13.959205795084285 -14.016725946609348
-13.666672932918171 -13.95869258435211 -14.01611258009944
-13.666136092929328 -13.958227759956646 -14.015529082603388
-13.665627045547062 -13.957774611394603 -14.014949792010698
-13.665106183820392 -13.957319148703414 -14.014361807151063
-13.66460464095456 -13.956889036245153 -14.013779711956131
-13.664093624441865 -13.956459239349957 -14.013198458141872
-13.66356698633637 -13.956043432417331 -14.012595468660253
