-28.416462413095335 -28.602728402140674 -28.43387015064233
-26.152354262661067 -26.365420130925077 -26.159599864268966
-25.733446859454006 -25.948458405007646 -25.74400760221248
-25.458279389577555 -25.7137357845948 -25.463890287265496
-25.258904701771733 -25.506839521215596 -25.300636279057912
-25.1060947311817 -25.38790794629205 -25.153652072925162
-25.02781666046526 -25.312682769495414 -25.09307373445147
-24.867688603510846 -25.158412772362386 -24.91704754728283
-24.836572082449845 -25.125234136085627 -24.90456650502141
-24.745170706501796 -25.042028621941895 -24.798442996151103
-24.651999858556923 -24.947005805619266 -24.698394327334828
-24.601928213178926 -24.89521992068043 -24.676949779516722
-24.545877252895124 -24.84927788130734 -24.6184818834115
-24.532324362104468 -24.82575317756116 -24.612619720508768
-24.47168303243761 -24.759185063073396 -24.556228811939235
-24.45199855243843 -24.74662533448012 -24.550536312831362
-24.41848562250245 -24.696427632836393 -24.46483697937908
-24.363094570624693 -24.64712287366208 -24.45934202309339
-24.355766290164738 -24.642112241972477 -24.471050019754284
-24.281552477929782 -24.53882298834098 -24.38874953800469
-24.234282934574296 -24.493615013379205 -24.32242891644576
-24.18548618827475 -24.459690366972477 -24.269244494290376
-24.18367402850269 -24.455079319571865 -24.2270065730781
-24.190142341430843 -24.456193257836393 -24.259385275412928
-24.178405911046323 -24.426408997515292 -24.24577274291395
-24.19120300521938 -24.43944834671254 -24.26153793459421
-24.17882641748899 -24.431847883218655 -24.254374219387234
-24.16221593515536 -24.429598504396026 -24.227141188952896
-24.185574908762845 -24.462295130925078 -24.301696080368067
-24.148976034955552 -24.39972823490061 -24.213803464008972
-24.142294442433943 -24.40588207186544 -24.245989004511625
-24.15617067719377 -24.414803731842508 -24.25268992786501
-24.13193007360137 -24.38334587633792 -24.213889092450042
-24.127479873032538 -24.379192947247706 -24.20217472344005
-24.14468113506157 -24.415191967698778 -24.23892485725938
-24.110992197694095 -24.410137734136086 -24.218860321293842
-24.108772911229817 -24.384694547974007 -24.191405055184543
-24.120190616844724 -24.37803540711009 -24.21091957776815
-24.10943743883543 -24.369017584097858 -24.172690262413337
-24.098330334570218 -24.371841551987767 -24.179131114268966
-24.1016886519328 -24.37913023222477 -24.191771066986135
-24.09473309309248 -24.378205633600917 -24.1806051182708
-24.108924548401564 -24.383267631880734 -24.218440542796696
-24.081749638109606 -24.356700353593272 -24.18146339404058
-24.075359214442994 -24.343061926605504 -24.16669627153854
-24.085414096905073 -24.403598647744648 -24.181627880301793
-24.06516575599413 -24.340307243883792 -24.16503189360726
-24.060785958397897 -24.33191239009939 -24.158794558651103
-24.04538379495596 -24.32032384843272 -24.115549408008768
-24.042404092674523 -24.326855767392967 -24.1034714168281
-24.045968840472597 -24.31944404625382 -24.134275750662724
-24.02446407728144 -24.29343821674312 -24.12421859069127
-24.036538824213014 -24.314074445718653 -24.134208840997147
-24.01967779012396 -24.30812189411315 -24.09259580826876
-24.03370486564182 -24.31148819762997 -24.119031100249796
-24.01541665817159 -24.290755208333334 -24.107918121686378
-24.010074155674033 -24.27290412366208 -24.093865897099306
-24.011791223648263 -24.301273413608563 -24.1072072064896
-23.997833276841053 -24.260201643730888 -24.09590345572492
-24.00965253425216 -24.276730337347093 -24.08729839480526
-23.997064419038495 -24.272578602828744 -24.087029959599306
-23.998656768624613 -24.292170775993885 -24.091723991257137
-23.984882952668816 -24.250780055428134 -24.077349564768557
-23.986219812734465 -24.257047376720184 -24.050035286883155
-23.981422853633177 -24.269709838493885 -24.066634459752244
-23.984227822745066 -24.25053098719419 -24.060736850657626
-23.976780239510276 -24.258382310779815 -24.044171929164968
-23.975291105141903 -24.25288130733945 -24.056715898373778
-23.971730498695155 -24.246035813264527 -24.05285266173022
-23.969676866284047 -24.244031918960246 -24.061633758793842
-23.980834941027158 -24.268666379969417 -24.070335998037315
-23.966339733526343 -24.24082090978593 -24.042944853690866
-23.96590425450579 -24.240224818425077 -24.05045148093393
-23.965649720681782 -24.24530115156728 -24.043496858431894
-23.9574485707878 -24.2281924933104 -24.03786051565049
-23.955258273782825 -24.23132286888379 -24.040317454501427
-23.954569216634724 -24.230711248088685 -24.0319887942241
-23.948917068483933 -24.225001194571867 -24.03163114613071
-23.94966792733649 -24.2215482845948 -24.03065498190253
-23.949689749072338 -24.23281190271407 -24.034964681255097
-23.948988905001222 -24.22647469896789 -24.027471196982056
-23.943731937336896 -24.22183976012997 -24.020028293230016
-23.94563249903156 -24.226473504396026 -24.03063228040885
-23.94155693147529 -24.220325043004586 -24.02386245603079
-23.941361969397324 -24.22065474483945 -24.017530332381728
-23.938202755464037 -24.21851705848624 -24.018489370921696
-23.935487940384927 -24.218251266246178 -24.018989202054446
-23.9354801355305 -24.21383851777523 -24.02028199237867
-23.932131852980753 -24.208976012996942 -24.012962154618677
-23.932085979550646 -24.21297663417431 -24.01598742735522
-23.931938483730224 -24.212092650993885 -24.0115040814896
-23.929637803784047 -24.211204486811926 -24.01439672971044
-23.92869341639822 -24.207539540328746 -24.01248183880506
-23.92650933142024 -24.20735199254587 -24.007568359375
-23.926136131952372 -24.20379814124618 -24.0097950971146
-23.92532586063652 -24.203146502293578 -24.005938232820146
-23.92325040648956 -24.201857559250765 -24.006275569050775
-23.923666453015414 -24.202039731460246 -24.006474306688418
-23.924491378343664 -24.20359864774465 -24.007658368806077
-23.92097170756198 -24.199610569571867 -24.005126953125
-23.71695169782662 -24.010376648509176 -23.81784122336358
-23.696920459294976 -23.995264717125384 -23.805761639095635
-23.68777492201517 -23.98869098814985 -23.80149455482769
-23.682588198040694 -23.985471019686543 -23.799378138381933
-23.678382177917552 -23.98141485091743 -23.796821233304446
-23.6730286849107 -23.97399536506116 -23.790929598287114
-23.665203442291226 -23.962059202981653 -23.781700047155383
-23.657754584794485 -23.953277307912845 -23.77315671836766
-23.6522964430252 -23.948684776376147 -23.766899071548735
-23.648606180425297 -23.946523198585627 -23.762408158518557
-23.645795954982873 -23.945509007071866 -23.759220789151712
-23.64285225060145 -23.944455394686543 -23.756963384482056
-23.63661585334774 -23.93941310684251 -23.750817253772432
-23.619796551337465 -23.92117975917431 -23.730833965257954
-23.606755595284213 -23.906532516246177 -23.71528702653446
-23.603941547055946 -23.903170991016818 -23.712789065686174
-23.602830868485974 -23.902144853784403 -23.712129527554037
-23.602096415755994 -23.901734518348626 -23.71178342934339
-23.601488911372535 -23.901563097285933 -23.711509816603794
-23.60095834055415 -23.90148604740061 -23.71129236019066
-23.600461856242863 -23.9014310970948 -23.71103746622655
-23.599947691547055 -23.901366590214067 -23.710679818133155
-23.599360734637497 -23.901279983753824 -23.71022339862867
-23.598685057239848 -23.901182028860855 -23.70973471910685
-23.59797385979041 -23.901084671253823 -23.70934242136521
-23.597283369097617 -23.90090429090214 -23.70886568999796
-23.596631902676968 -23.900605050649848 -23.70809344094107
-23.59601977909395 -23.900182769495412 -23.707167458962072
-23.595495579585304 -23.89981782779052 -23.70649198995718
-23.595035571022265 -23.89953292240061 -23.70605867021819
-23.59461203820747 -23.899304759174314 -23.705771117964925
-23.59422896320951 -23.89909750095566 -23.70559149737459
-23.593850029562876 -23.898916523318043 -23.705421435307912
-23.59347396300563 -23.89865909308104 -23.705301953762234
-23.593040873226226 -23.89830191609327 -23.7051601689947
-23.592518107262272 -23.897754204892966 -23.704939924678833
-23.591840199906216 -23.89692099101682 -23.704643610445554
-23.59118857420282 -23.896029243119266 -23.704322603359504
-23.590740352562797 -23.89535012901376 -23.704099969412724
-23.590431184757787 -23.894992952025994 -23.703979691323408
-23.590164226879793 -23.894802417813455 -23.70389008016415
-23.58991240086242 -23.894635775038225 -23.703804849994903
-23.589657070624693 -23.894451213685016 -23.703723204272023
-23.58941623511662 -23.894308462347094 -23.703641956820963
-23.589173488215625 -23.89413226299694 -23.703556726651712
-23.58892835207348 -23.893939339640674 -23.703451582891518
-23.58867843744903 -23.893766126720184 -23.703348032218596
-23.58842613358343 -23.893591719227828 -23.70324368500204
-23.58815949427092 -23.893405366016818 -23.703134956795473
-23.58788234229734 -23.89323394495413 -23.703012289075243
-23.587596429772876 -23.893053564602447 -23.702846209726754
-23.587312269358588 -23.892883935397553 -23.702683316552815
-23.587028427509786 -23.892688622897552 -23.702508475224306
-23.586750638405235 -23.89248375382263 -23.70234438723491
-23.586456921026343 -23.89226873088685 -23.702124939462685
-23.586139151953187 -23.89198979835627 -23.701858097344005
-23.585747157121595 -23.891645164373088 -23.701447877370512
-23.58520400296648 -23.891121941896024 -23.700777585899267
-23.584377484810798 -23.890290519877677 -23.69960308230526
-23.583018325161067 -23.88882716934251 -23.697488258946777
-23.580817196929537 -23.8862934824159 -23.693983865212072
-23.577279845763332 -23.882122037461773 -23.688436337046287
-23.57166242125061 -23.875848743310396 -23.68023114103283
-23.563686975004078 -23.867664134174312 -23.669261938596044
-23.55439027840075 -23.85878428421254 -23.657047340181485
-23.545854634745556 -23.85114320527523 -23.6463286507188
-23.539299034874002 -23.845500047782874 -23.638245325881933
-23.534657535730304 -23.841427752293576 -23.632316253313622
-23.531276600218153 -23.8383141007263 -23.627902605016313
-23.528612118485974 -23.835763689793577 -23.62443007302712
-23.52632911892432 -23.833627795298167 -23.621562117659053
-23.52422626814549 -23.831687810588686 -23.618983307631524
-23.522110037616212 -23.829818305619266 -23.61640330278854
-23.51979693361605 -23.827785741590215 -23.613549286934134
-23.516968390658132 -23.825400778860857 -23.610086313468596
-23.51314369342277 -23.822250692851682 -23.6054245418281
-23.50774289344112 -23.817947844992354 -23.59887336867863
-23.50043484188958 -23.812373972668194 -23.589996288106647
-23.49175249882768 -23.80604094992355 -23.57927520901305
-23.4830599616702 -23.800233538799695 -23.568320742633563
-23.475665897437203 -23.79570969514526 -23.558822358024063
-23.4702032957511 -23.79253213398318 -23.551744669529974
-23.466681554293753 -23.790573633409785 -23.547040681076673
-23.4645404756565 -23.78954749617737 -23.544073157753875
-23.463164909884195 -23.789083405007645 -23.54230682223695
-23.462226893808108 -23.788943042813457 -23.54125299500408
-23.46155010143125 -23.78894005638379 -23.54050822670269
-23.461004717317728 -23.788980074541286 -23.539975339008972
-23.46053355896265 -23.789049956995413 -23.53956153458911
-23.460116238174848 -23.78916403860856 -23.53923176552304
-23.45971468637865 -23.789288871368502 -23.538972092297104
