-61.840782320678606 -64.67742249875249 -59.998129494500844
-59.354600982261275 -62.46205635603793 -57.951274323181046
-56.95718408073608 -60.15560285678643 -55.7189945537225
-55.848049551696505 -59.137642683383234 -54.767313742597295
-54.9463551164622 -58.429699195359284 -54.039845732868024
-54.37054200513926 -57.864735373003995 -53.57242094966159
-53.98019633137157 -57.50111495758483 -53.11702887055838
-53.629396689876216 -57.16041354790419 -52.865611119923855
-53.45522145778072 -57.0675406998503 -52.56267184856176
-53.221556645805705 -56.84363694486028 -52.34231572546531
-53.13144479442971 -56.80386102794411 -52.42836228320643
-52.926807460902964 -56.65981708458084 -52.29154108502538
-52.80961478020004 -56.627245508982035 -52.20088105435702
-52.73749032935455 -56.462641124002 -52.07807542829949
-52.57222806490385 -56.452368700099804 -52.05021943739425
-52.49591544747458 -56.468921531936125 -52.01210210448392
-52.351815490992486 -56.35983501746507 -52.096532624788495
-52.22667043131079 -56.293093500499005 -51.96824767343485
-52.140918141440096 -56.25380099176647 -51.90703984242809
-52.121525043517906 -56.24028895334332 -51.855247329737736
-52.05370316644562 -56.14927956586826 -51.860254071489
-51.88721178022767 -56.00290824600798 -51.70758314826565
-51.864966273624006 -56.05615331836327 -51.70285731281726
-51.812582027796196 -55.99699039421158 -51.71559723984772
-51.74684408847259 -55.98092486901198 -51.64552598879018
-51.592255798933465 -55.89671828218563 -51.56250660956007
-51.70136917343612 -55.993824850299404 -51.65578733079526
-51.5516788067805 -55.84939106162675 -51.56701102474619
-51.62212298297966 -56.01301303642715 -51.69112864847716
-51.49336567818855 -55.821661364770456 -51.462014858291035
-51.39710994487732 -55.850342284181636 -51.55604576459391
-51.45716249447392 -55.84589804765469 -51.641589995769884
-51.351309509007514 -55.84581618013972 -51.50849989424704
-51.34698966622458 -55.77067739520958 -51.52364900592217
-51.26567853393015 -55.8249126746507 -51.530513034052454
-51.17867251395336 -55.69195593188623 -51.33220640334179
-51.13008011093612 -55.764588011477045 -51.42256239424704
-51.18986887640915 -55.73682322854292 -51.349734956641285
-51.11602615909593 -55.75445203343313 -51.39533100676819
-51.172176344219714 -55.750261196357286 -51.49601774005922
-51.05480449754089 -55.690665543912175 -51.36734943422166
-51.10316679100354 -55.73998877245509 -51.42680903659053
-50.95116928464854 -55.59645552644711 -51.27240640862944
-50.963849918490276 -55.70346026696607 -51.32869342216582
-50.95372164428603 -55.64710033058882 -51.3626169892132
-50.83958471485411 -55.58704466067864 -51.31860723350254
-50.83035442915561 -55.58645599426148 -51.22599738261421
-50.864598875442084 -55.70109390593812 -51.31264541032149
-50.7695973039622 -55.5466216005489 -51.19160784158206
-50.77425777796198 -55.54487509356287 -51.22201842745347
-50.71521244335765 -55.52552317240519 -51.13567774428934
-50.67181369501547 -55.562807977794414 -51.247696568316414
-50.69357696452255 -55.5718250998004 -51.236678431683586
-50.67755132349691 -55.502861464570856 -51.259983740482234
-50.57402101983864 -55.467120446606785 -51.174518824027075
-50.58946599041224 -55.50052629116767 -51.15696383248731
-50.56494572350243 -55.535039296407184 -51.16266788282572
-50.52451940345933 -55.51923496756487 -51.17416521256345
-50.51615170479664 -55.500085765968066 -51.10299677453469
-50.51303982924403 -55.51046344810379 -51.21272538599831
-50.46134763898099 -55.42983174276447 -51.12843366645516
-50.416460733725685 -55.44402601047904 -51.10727646467851
-50.38941746449492 -55.43162503118762 -51.12488433269881
-50.384940905448715 -55.355297218063875 -51.07464506662436
-50.35371378688661 -55.409353168662676 -51.0041111463621
-50.35069127845933 -55.414417259231534 -51.05673646362098
-50.33434227522657 -55.38374812874252 -51.05813769035533
-50.289476092782934 -55.36708224176647 -51.05982312817259
-50.2802984775641 -55.3630278505489 -51.03456138959391
-50.25091180371353 -55.33210532060878 -50.98142713620982
-50.231184982178384 -55.38593126247505 -50.984110617597295
-50.23231135333776 -55.34563685129741 -51.023133460236885
-50.2252897739832 -55.35574943862275 -51.0349711823181
-50.201056604360076 -55.34939106162675 -51.04978651120982
-50.2002674106156 -55.32606271831337 -50.96561376374788
-50.16667443772104 -55.31252339071856 -50.99279227474619
-50.15124932650862 -55.30429765469062 -51.001510284475465
-50.1392512502763 -55.294508638972054 -50.967077781302876
-50.12902713306808 -55.27454466067864 -50.96864424703892
-50.08314596457781 -55.25262755738523 -50.97466225148054
-50.064046871546196 -55.27470449725549 -50.94607920896785
-50.062496977923296 -55.25357098303393 -50.9246675391286
-50.051595052083336 -55.286848178642714 -50.987088224407785
-50.03301057554155 -55.26987431387226 -50.961519141285955
-50.01163197322613 -55.277994791666664 -50.971370690566836
-49.99968268194629 -55.24121678517964 -50.95782439720812
-49.98775368175287 -55.27378446232535 -50.96191901967005
-49.9727102156554 -55.27352716442116 -50.945434776861255
-49.961157248148766 -55.25755520209581 -50.947546531302876
-49.95631329092065 -55.23641778942116 -50.934700851311334
-49.939166027713306 -55.23241407809381 -50.93782717322335
-49.926279460930594 -55.239470278193615 -50.930474037648054
-49.91986229691645 -55.24096338572854 -50.93232140968697
-49.91111252141357 -55.23045315618762 -50.93864345389171
-49.90488402133068 -55.2189410242016 -50.932427162648054
-49.88845989790561 -55.21903068862275 -50.923953706641285
-49.88146594896662 -55.21453967065868 -50.905033840947546
-49.87052516785477 -55.22703421282435 -50.912915741328256
-49.861238757874666 -55.22703421282435 -50.90870214678511
-49.85022156139478 -55.214223895958085 -50.90413163599831
-49.22460894327476 -55.02427176896207 -50.69077503701354
-49.12230819310897 -55.116271363522955 -50.77135218379865
-49.067631917965294 -55.18129366267465 -50.82869672694586
-49.03084590517241 -55.22809849051896 -50.870036220389174
-49.002735411140584 -55.263531530688624 -50.90168609877327
