-10.700635144446712 -11.068130025740299 -11.05888618704628
-10.663305742706774 -11.025973305075732 -11.043058696546053
-10.660471380927873 -11.020479226940095 -11.038437914285815
-10.638019504134341 -10.976214819817903 -10.9962945789261
-10.633577520480298 -10.994960964091218 -11.008023852228902
-10.646360405040607 -11.017099815456943 -11.020768790409482
-10.61981820633989 -10.983257171651633 -11.004984611608156
-10.621893418267376 -10.97992296523996 -11.012719239167422
-10.637772959874495 -11.024539706007488 -11.032380756578947
-10.618880500757111 -10.99681570158271 -11.017429691044692
-10.619225250669208 -10.98848965867512 -11.008636917695808
-10.623227025770156 -10.996078460049354 -11.002137725885463
-10.61514476483457 -10.992502938329647 -10.992298216222634
-10.60307218206269 -10.970112135168481 -10.975843536875425
-10.603734256080998 -10.974812797821647 -10.991611099935486
-10.616832958321991 -11.020079693881893 -11.014281894247675
-10.617924718068032 -10.990987903654696 -10.989615604795258
-10.59983086385883 -10.984304865661164 -10.997739317629168
-10.605167287668436 -10.993200293035228 -11.010620671045542
-10.599486313326585 -10.977835554586454 -11.007501342551894
-10.589451193230797 -10.978595398655548 -10.983926319600018
-10.592855404771221 -10.988972289291185 -10.998188718044606
-10.586829303910893 -10.972813138189244 -10.9907712296003
-10.585032426252495 -10.964922194094623 -10.964737852342331
-10.590875717944682 -10.959167189627298 -10.978471094813408
-10.58705216627535 -10.973591263721069 -10.981307124918471
-10.574588267319994 -10.967033869235024 -10.974925517170485
-10.574260841301438 -10.963005632020081 -10.965967140266986
-10.567676609784039 -10.943046595792206 -10.959716575331782
-10.56389807365393 -10.943411560266338 -10.96047336696064
-10.561970624347806 -10.923823139146528 -10.941059811794606
-10.556762357474422 -10.936707249297992 -10.952608915076281
-10.562809526138787 -10.93832997840793 -10.95134041400224
-10.571725748675764 -10.96290458538972 -10.967213265476122
-10.555798289444954 -10.942849820775187 -10.952325173601265
-10.55026197626015 -10.929133737874404 -10.950872514728193
-10.554227818681662 -10.921525325476514 -10.932728457580676
-10.544596575699833 -10.938276131190436 -10.946492217629878
-10.548552559895478 -10.937912163886997 -10.944997520931404
-10.55017987606903 -10.931475094664737 -10.93475524570029
-10.54742761448125 -10.92881431086198 -10.943503655019992
-10.550562685378953 -10.926221999446902 -10.94321249184721
-10.536760105811329 -10.914182160483321 -10.923721839641702
-10.544314320293713 -10.925113145634786 -10.940493104245832
-10.534987796180982 -10.919166684394146 -10.93376084897133
-10.539347413804103 -10.915904274272464 -10.93336772053298
-10.53467964354782 -10.917300645634786 -10.937290198573615
-10.537327917467731 -10.901329627403847 -10.934329439637448
-10.536436135710154 -10.921122136125765 -10.931029331878829
-10.530990340976759 -10.901675978025017 -10.922949983074098
-10.532624037305476 -10.904134668567053 -10.91378712178142
-10.531055693260571 -10.910910775825391 -10.930106548994726
-10.52981306942885 -10.912990873893806 -10.929959167369697
-10.528572926768579 -10.910623258275187 -10.927712497607333
-10.527340582075734 -10.905135495553948 -10.922282584133253
-10.525261847770915 -10.886053637146869 -10.911975064424768
-10.524258457604578 -10.907831180331007 -10.919699500996058
-10.522514925132423 -10.908687417567222 -10.917893868392696
-10.519626287727984 -10.891217319392444 -10.920229764685656
-10.521845163913275 -10.892523613002043 -10.911740007071659
-10.521914703173914 -10.89135193743618 -10.920745738837766
-10.520479611328037 -10.903212285674778 -10.910911047739905
-10.520520905110079 -10.881130273038632 -10.904064974637732
-10.517551718246677 -10.889935622659973 -10.910583994565988
-10.510748080282202 -10.88388080220388 -10.89866668645786
-10.51835563995083 -10.88700527037951 -10.918720169205848
-10.51255656627847 -10.88594162163887 -10.906838418784028
-10.513324555303186 -10.884676876808204 -10.90645570287687
-10.511397992129725 -10.88901091303608 -10.90658680107546
-10.507248410100779 -10.88499962772294 -10.89383372118166
-10.510055080233995 -10.886118785632233 -10.90287849993974
-10.508455411399494 -10.883955257615725 -10.904522405994783
-10.508889970856869 -10.877125635530122 -10.895454365198928
-10.50705166649653 -10.87529782164738 -10.898012192409398
-10.505781705472188 -10.878515359087816 -10.89420336603902
-10.506140611353556 -10.884620370468856 -10.903490623847976
-10.504048895205242 -10.882611403909973 -10.900428785819107
-10.50586668559446 -10.880511362427672 -10.894889540767496
-10.502110236320947 -10.88081350514806 -10.897100431300334
-10.502283940475987 -10.875995841133424 -10.900447229291913
-10.503078823626991 -10.875119992873554 -10.89249908945738
-10.499842467766038 -10.877522509466473 -10.891708235558927
-10.501852460329612 -10.877885479599216 -10.898212744406477
-10.498915262855304 -10.872165043715963 -10.895937717112352
-10.498325497262204 -10.873313119575391 -10.88991855406718
-10.49744793793385 -10.872335559904696 -10.887881630345396
-10.496556998002303 -10.867859925438223 -10.888223471529038
-10.497280037947744 -10.872311295417802 -10.889919274082635
-10.49660910260282 -10.86857888550885 -10.887439319312897
-10.494330323849587 -10.869499606449965 -10.885818952224648
-10.494350527674278 -10.865944028144146 -10.88697457702969
-10.492901479238975 -10.865595018401123 -10.882581375038992
-10.491880144886235 -10.863589708134786 -10.882518955237636
-10.490264237670704 -10.861285911440605 -10.882754067976549
-10.489923431048954 -10.860513436542716 -10.879765948453096
-10.489240089846763 -10.860288408356025 -10.882595553804872
-10.488437165041853 -10.858418048523655 -10.877537888320951
-10.487393079233021 -10.861350727535738 -10.878080004572652
-10.4864816917903 -10.8568395273145 -10.87745924047896
-10.486360778988589 -10.85684185404612 -10.875052838057226
-10.468348360371014 -10.860786661312968 -10.879960075696886
-10.462475383234654 -10.865200803586623 -10.88383381422981
-10.458491951079806 -10.867398900187203 -10.88525102618818
-10.455288714427091 -10.86837280356535 -10.885107466183644
-10.452419018108298 -10.868609797800374 -10.883740821464524
