-31.257075906416564 -31.127359834558824 -31.38588153236476
-29.168859505432867 -29.033257123161764 -29.35360214131713
-28.152555091045816 -28.079525505514706 -28.373956061960996
-27.687295088743337 -27.594793198529413 -27.85995152023716
-27.658073763765874 -27.636997931985295 -27.802237097584282
-27.54577719004742 -27.47716911764706 -27.78131546146119
-27.490547750676047 -27.456164981617647 -27.773013723172287
-27.401652164940625 -27.35272748161765 -27.677308684094474
-27.35919902279452 -27.39020565257353 -27.615887075534104
-27.4224573551889 -27.39609375 -27.64445085873187
-27.377185515950774 -27.351842830882354 -27.604825237039396
-27.35948009643459 -27.37008501838235 -27.63060020886417
-27.325020789651592 -27.267259880514708 -27.594536303165427
-27.30504167421912 -27.241293658088235 -27.626336409128772
-27.290590187284447 -27.31314338235294 -27.60748733646119
-27.231218815522613 -27.250026424632352 -27.551316426156408
-27.227768621281744 -27.22169921875 -27.53484999754998
-27.2092494507123 -27.228899356617646 -27.506579451073108
-27.135741345503803 -27.12517578125 -27.42893641586633
-27.090441108030255 -27.153948759191177 -27.391831251837516
-27.057410974976484 -27.004124540441175 -27.342062166184828
-27.0786876830959 -27.124106158088235 -27.40530061740494
-27.049824665773436 -27.034780560661765 -27.377327901435713
-26.996393271011325 -26.996822150735294 -27.31163560245982
-26.993198890524575 -26.96942325367647 -27.309298130635046
-26.97403498050243 -26.981284466911763 -27.275291475769308
-26.97839812825776 -26.968008961397057 -27.319763159667776
-26.945008539372356 -26.952612591911766 -27.284318266733635
-26.958067823865417 -26.948931525735293 -27.23566968223246
-26.918469201922324 -26.910573299632354 -27.208906663440807
-26.947527945088375 -26.941800321691176 -27.279569439680518
-26.915136963694348 -26.91605353860294 -27.258287574113094
-26.897610277007566 -26.91767463235294 -27.217257402121717
-26.89766745620395 -26.946741727941177 -27.230554500686004
-26.892596878551693 -26.92869944852941 -27.241548198010584
-26.912365265299226 -26.938198529411764 -27.262179659937278
-26.869154862390264 -26.897184053308823 -27.202675574529597
-26.852181214115653 -26.850823759191176 -27.160975858119365
-26.850557462719472 -26.886832490808825 -27.148261022025675
-26.842186336514345 -26.894966681985295 -27.150074419345355
-26.822041500920992 -26.8685546875 -27.125627817522542
-26.79072796848056 -26.78080193014706 -27.091817547040375
-26.785415125558472 -26.79571001838235 -27.130961969570755
-26.778522391587632 -26.778041130514705 -27.121026374460996
-26.786648573444115 -26.820728400735295 -27.108476149059193
-26.77226015967922 -26.775546875 -27.115007365371422
-26.747197453925967 -26.792552849264705 -27.079301009408073
-26.7539413076599 -26.790188419117648 -27.066108036676795
-26.732326499794247 -26.756228170955882 -27.076011858094866
-26.74548284348546 -26.788988970588235 -27.085895773103683
-26.726195006931924 -26.718013556985294 -27.059158785770286
-26.70341556523358 -26.71287109375 -27.032583729419834
-26.69230833410899 -26.703021599264705 -27.00121007999314
-26.707814689190116 -26.740091911764704 -27.041578746692473
-26.692421161599583 -26.712522977941177 -27.02593039494316
-26.694769871722645 -26.742622931985295 -27.0415948249461
-26.689376273710614 -26.684488740808824 -27.01603308138965
-26.68460896778002 -26.70766773897059 -27.022404280796746
-26.652895104419777 -26.675026424632353 -26.96770529632987
-26.65121761835711 -26.68410960477941 -26.970788875686004
-26.6647902143508 -26.696032858455883 -26.984248288048803
-26.657019661070503 -26.700776654411765 -26.97687334623677
-26.6383828406686 -26.65425666360294 -26.997227649696196
-26.619924064190116 -26.64566521139706 -26.947136233339865
-26.623318457046558 -26.644608226102942 -26.958673145947667
-26.625142603537977 -26.641687729779413 -26.97223170754116
-26.601494068672597 -26.618852251838234 -26.919501160696786
-26.601240780907077 -26.64972426470588 -26.96205991522932
-26.587653947523123 -26.60300666360294 -26.907604401460212
-26.59414114550674 -26.62153262867647 -26.924341097853784
-26.59145020220156 -26.614857536764706 -26.943798081634654
-26.56708336803378 -26.591394761029413 -26.918747396854176
-26.561060951951717 -26.57876034007353 -26.88484142248138
-26.553291776483384 -26.563200827205883 -26.903830988460406
-26.56871921355718 -26.6087109375 -26.918420855179342
-26.566859243954774 -26.600870863970588 -26.911654972927284
-26.55857897679397 -26.583616727941177 -26.899874972437278
-26.55998564626117 -26.584811580882352 -26.885054650749705
-26.543467824110362 -26.58200827205882 -26.8879108376617
-26.538778823826227 -26.58201976102941 -26.888591866547433
-26.531315981883917 -26.555091911764706 -26.868087882203056
-26.531114515157157 -26.57457950367647 -26.882350441616033
-26.528433063445487 -26.562964154411766 -26.895198114709917
-26.5091883983334 -26.54463120404412 -26.855448077959625
-26.514307735220058 -26.54310317095588 -26.854024004067032
-26.502532035658998 -26.533528262867648 -26.84561048363387
-26.500825156274495 -26.539482996323528 -26.844220863141906
-26.502603146065216 -26.53319048713235 -26.854366623995492
-26.489239365128743 -26.517201286764706 -26.84105689251764
-26.488017245919227 -26.52702435661765 -26.841574459158174
-26.49072992803535 -26.512303538602943 -26.84294800139651
-26.479558934835005 -26.517635569852942 -26.828370384775578
-26.478914654652964 -26.520241268382353 -26.82271887862603
-26.474865801114987 -26.506471737132355 -26.82197774769698
-26.475061297323247 -26.503870634191177 -26.8230664751568
-26.472676993724527 -26.50845473345588 -26.82314035856037
-26.471037703671225 -26.50523322610294 -26.82029450766856
-26.467145155245728 -26.506424632352942 -26.822520580164642
-26.464542009180516 -26.50811465992647 -26.810598937916502
-26.462742204033745 -26.50506893382353 -26.813469289004313
-26.315574434301027 -26.370017233455883 -26.69379004250784
-26.29440948204068 -26.361384420955883 -26.691810886049588
-26.28446290440312 -26.360247012867646 -26.694381875367505
-26.278216823512697 -26.36041015625 -26.696926067596042
-26.273754014025513 -26.361293658088236 -26.699060647172676
-26.270214032371847 -26.362887178308824 -26.700825809731477
-26.267321698885013 -26.36545955882353 -26.702343673436886
