-49.4730744933462 -53.81385583906728 -51.06864180244399
-37.93482268704287 -40.84495353115443 -39.174440714103866
-31.665045014729785 -34.364926772744646 -32.43033191191446
-27.59332739168529 -30.07713051892202 -28.29555435336049
-24.907617028773874 -27.10068747610856 -25.505191095977597
-23.08417008456928 -24.857315856746943 -23.484050805117107
-22.244929097038806 -24.277433342889907 -22.55856988289206
-21.65935031808716 -24.318130913130734 -22.41933315300407
-20.379943525243803 -22.730986895546636 -21.256818037169044
-19.934792925893944 -21.930468451357033 -20.652286071155803
-19.30007908529307 -20.84289588111621 -19.96436441891548
-18.867336107336957 -20.953257896120032 -19.415345357051933
-18.461776962807292 -20.334683199541285 -19.429466729251526
-18.215344927747868 -20.03073633409786 -18.965806390020365
-18.07535364181227 -19.758853270737767 -18.758735361507128
-18.029898248615908 -19.952821877389145 -18.794323208375765
-17.847011623514323 -19.751202037939603 -18.55569787423625
-17.751804517663043 -19.452221605026757 -18.622491964740327
-17.847511015593255 -19.747264430428135 -18.7733539651222
-17.797411295903597 -19.432523114965598 -18.276132494271895
-17.862636425106665 -19.659430547591743 -18.531659718686356
-17.394247923862252 -18.842795835722477 -18.031918279022403
-17.73324427474858 -19.446450329701836 -18.459207134674134
-17.517041035465766 -19.212902570718654 -18.364365214485744
-17.329005930008126 -18.860818938742355 -18.032678048625254
-17.4163261329871 -18.84120705514144 -18.067625461430755
-17.386422328956726 -18.960419354453364 -18.003001288823828
-17.38182919163958 -18.844526471712538 -18.042549086685337
-17.34064551535199 -18.820894853784402 -17.9817953634165
-17.329037873641305 -18.90907068281728 -18.0941000509165
-17.178363724095895 -18.53194434489679 -17.80638007573829
-17.22949278272298 -18.81475176796636 -17.836957818864562
-17.26541171176605 -18.75109452647171 -17.928241551043786
-17.38330891596404 -19.014430428134556 -18.00314648039715
-17.15721128511022 -18.596469144208715 -17.862899376272914
-17.155818066525296 -18.451019567087155 -17.761006714613035
-17.139103411659388 -18.559008863723243 -17.81237270875764
-17.095975141901157 -18.61049192469419 -17.776619781059065
-17.010365014539314 -18.367324875764528 -17.73034145875764
-16.96255372879419 -18.34424574732416 -17.66640346550407
-16.99473326867889 -18.39495233658257 -17.757782666115073
-16.944549622549268 -18.36192541093272 -17.66833272339613
-16.9416770764552 -18.331271203650612 -17.662978535514256
-16.924435847661012 -18.319801820527523 -17.586476498854378
-16.840669522678787 -18.304193245890673 -17.451500047734214
-16.81628998311154 -18.206323466169724 -17.441843813645622
-17.062886894936003 -18.34711719944572 -17.667815602724033
-16.88437694439506 -18.408909415615444 -17.580851817082486
-16.770493923963837 -18.109600475439603 -17.46944612398167
-16.760628301503456 -18.238880029147552 -17.518349828156822
-16.773056755701443 -18.262072641915136 -17.48353567337067
-16.69803346264222 -18.17319350869648 -17.369896416751526
-16.74896153431024 -18.1383806981078 -17.39505234852342
-16.790192431620785 -18.25705842650994 -17.411532586558046
-16.80332741549421 -18.23501110951835 -17.505199051680243
-16.828693437944434 -18.557871034021407 -17.546256444119145
-16.68926761383838 -18.058632573585626 -17.343903147275967
-16.678429397031188 -18.110057399178135 -17.309504677953157
-16.774221408662637 -18.118582162652906 -17.45787455448065
-16.79043468737302 -18.26078399751529 -17.37764726005601
-16.668614566931634 -18.07548499617737 -17.312828172734214
-16.657000377768185 -18.140811651853976 -17.36316788123727
-16.62966555611286 -18.04250585340214 -17.34469275076375
-16.64553519275701 -17.995064924980888 -17.318415064918533
-16.63924070975975 -17.99269369982798 -17.319703888747455
-16.592437533332486 -18.007130100821865 -17.32510183299389
-16.58585555763663 -18.021257406345565 -17.25303510056008
-16.53434932604886 -17.954132920011467 -17.27059930308045
-16.518393778888154 -17.94087466551988 -17.216725273676172
-16.46904503218966 -17.87124157826835 -17.209238957484725
-16.435866112924117 -17.753305977637616 -17.139799595850306
-16.45847645139171 -17.914152092889907 -17.143113146003056
-16.544523472419748 -17.93346384030963 -17.16176529086049
-16.468538497434984 -17.867598134078747 -17.184785116471488
-16.50893965391355 -17.853733634365444 -17.160836462576373
-16.48935741314506 -17.85345589640673 -17.180449258528512
-16.469929731943317 -17.872737779529817 -17.136205607179225
-16.437247625457132 -17.86018581565367 -17.12511336876273
-16.42760302912942 -17.92577378392584 -17.204368078538696
-16.405058363597114 -17.853658973623855 -17.10084648676171
-16.357957774088277 -17.805063790137616 -17.07137060845214
-16.373255401450123 -17.818568425076453 -17.038022291878818
-16.385591992901766 -17.814905569094037 -17.052790064918533
-16.38606440153901 -17.819745078363916 -17.05370099287169
-16.347762596505486 -17.82570001911315 -17.02719855842668
-16.34441982425843 -17.7798508577026 -17.020026492489816
-16.342868276361234 -17.748249952217126 -17.083489132510184
-16.3103147380384 -17.723626839640673 -17.021066700610998
-16.35913095857883 -17.762442959193425 -17.068790971868637
-16.355744338239028 -17.75543082234327 -17.084897291878818
-16.34188139666294 -17.710825508887616 -17.0441541496945
-16.311749622231815 -17.719401041666668 -17.038724382637476
-16.302975837121597 -17.68773144829893 -17.0211343240835
-16.26576924236845 -17.661261228975537 -16.967624268075358
-16.25957277275498 -17.67343092985474 -16.949620512983707
-16.24997619108086 -17.675752878918196 -16.948091029149694
-16.254213781872206 -17.683177143061926 -16.939439202520365
-16.25603020399482 -17.688164480600154 -16.946000668279023
-15.162544482997257 -16.764216898413608 -16.039744701502038
-15.13186311934935 -16.77349722859327 -16.059189433235744
-15.117887482222674 -16.784766520928898 -16.0702001257001
-15.108242489079643 -16.792825401376145 -16.07627728806008
-15.102529935747663 -16.794593367737004 -16.079937905740834
