-41.53774049479167 -41.418923828125 -41.65340494791667
-40.576252734375 -40.42148828125 -40.69795052083333
-40.40185572916667 -40.246951171875 -40.539765625
-40.31260325520833 -40.198291015625 -40.44537239583333
-40.23411263020834 -40.10863671875 -40.391470052083335
-40.16824609375 -40.08621484375 -40.33900130208333
-40.09762057291667 -40.01229296875 -40.23517838541667
-40.06551015625 -39.976623046875 -40.228204427083334
-40.01846966145833 -39.959765625 -40.22191796875
-39.994968229166666 -39.94453515625 -40.224490885416664
-39.970640885416664 -39.91340234375 -40.14606380208333
-39.938534375 -39.909388671875 -40.15379427083333
-39.920878515625 -39.914041015625 -40.16542317708333
-39.897102994791666 -39.881765625 -40.11537369791667
-39.864641796875 -39.88038671875 -40.100611979166665
-39.842851171875 -39.8620546875 -40.11804427083333
-39.82199921875 -39.83796875 -40.08113151041667
-39.841342838541664 -39.885931640625 -40.0853046875
-39.825484635416665 -39.842462890625 -40.101627604166666
-39.79076953125 -39.798298828125 -40.07384375
-39.75812786458334 -39.7912109375 -40.03982942708333
-39.770236458333336 -39.815640625 -40.05997135416667
-39.75325182291667 -39.811166015625 -40.03217708333333
-39.750921875 -39.80121875 -40.049166666666665
-39.748777473958334 -39.80779296875 -40.05100390625
-39.713408203125 -39.766765625 -40.023920572916666
-39.710195052083336 -39.75488671875 -40.0063828125
-39.712443489583336 -39.79936328125 -40.0153828125
-39.688626953125 -39.752833984375 -39.99350520833333
-39.67516171875 -39.7328359375 -39.987123697916665
-39.67895924479166 -39.7613125 -39.988282552083334
-39.66195247395833 -39.7522421875 -39.995716145833335
-39.66428411458333 -39.741166015625 -39.972994791666665
-39.646525390625 -39.714326171875 -39.964649739583336
-39.646816145833334 -39.74553515625 -39.98542057291667
-39.6448671875 -39.743767578125 -39.97718489583333
-39.626615625 -39.685416015625 -39.94567578125
-39.60599166666667 -39.694859375 -39.9335
-39.60193203125 -39.687884765625 -39.936294270833336
-39.600640104166665 -39.683263671875 -39.925533854166666
-39.59448046875 -39.681427734375 -39.95149088541667
-39.58904453125 -39.68126953125 -39.92152604166667
-39.587561067708336 -39.682609375 -39.950609375
-39.58698697916667 -39.679369140625 -39.931182291666666
-39.568949348958334 -39.663501953125 -39.9306640625
-39.55601328125 -39.655771484375 -39.909104166666665
-39.551552864583336 -39.6691328125 -39.9224140625
-39.54687161458333 -39.643447265625 -39.9236875
-39.54747994791666 -39.651130859375 -39.915174479166666
-39.534504947916666 -39.628166015625 -39.904333333333334
-39.53523190104167 -39.657564453125 -39.92296354166667
-39.524922135416666 -39.636638671875 -39.90598828125
-39.521128125 -39.630830078125 -39.8767890625
-39.52182890625 -39.635033203125 -39.88953645833333
-39.510894140625 -39.635505859375 -39.89615494791666
-39.50696497395833 -39.6101875 -39.8853984375
-39.512623046875 -39.624998046875 -39.87670703125
-39.49703880208333 -39.603943359375 -39.88462890625
-39.502563671875 -39.610373046875 -39.88948958333334
-39.48927109375 -39.602091796875 -39.87529817708333
-39.48147408854167 -39.591333984375 -39.850177083333335
-39.47685520833333 -39.60767578125 -39.85277864583333
-39.47795286458334 -39.6118984375 -39.85813151041667
-39.47564361979167 -39.5947578125 -39.850822916666665
-39.46688541666666 -39.598662109375 -39.851444010416664
-39.465608333333336 -39.5880859375 -39.8489609375
-39.462893619791664 -39.58575390625 -39.855701822916664
-39.45806380208333 -39.59308203125 -39.85416015625
-39.451335677083335 -39.587384765625 -39.84079947916667
-39.450335546875 -39.58605859375 -39.84580078125
-39.447259765625 -39.578119140625 -39.849037760416664
-39.448579557291666 -39.58685546875 -39.84088671875
-39.43934088541667 -39.561603515625 -39.837920572916666
-39.434517317708334 -39.55676171875 -39.83969921875
-39.435347916666665 -39.5648984375 -39.83037630208333
-39.43086888020834 -39.563310546875 -39.821420572916665
-39.426790234375 -39.5623515625 -39.82581380208333
-39.42431354166666 -39.556169921875 -39.82772395833333
-39.42174986979167 -39.558009765625 -39.8198828125
-39.419415234375 -39.55930078125 -39.82225390625
-39.41423893229167 -39.5537890625 -39.817216145833335
-39.415026822916666 -39.5410859375 -39.818276041666664
-39.41241458333333 -39.543392578125 -39.8093515625
-39.40715364583333 -39.552806640625 -39.812684895833335
-39.40681119791667 -39.535416015625 -39.81302734375
-39.404941145833334 -39.53415234375 -39.806526041666665
-39.40271731770833 -39.5401875 -39.81118229166667
-39.400013020833335 -39.5364375 -39.8068984375
-39.39766002604166 -39.53672265625 -39.80383203125
-39.39621015625 -39.5303125 -39.804942708333336
-39.39615143229167 -39.53580859375 -39.8008671875
-39.39363658854167 -39.535408203125 -39.80391536458333
-39.39102447916667 -39.531419921875 -39.806270833333336
-39.389459765625 -39.527361328125 -39.80154036458333
-39.388118359375 -39.530859375 -39.799033854166666
-39.38622513020833 -39.532400390625 -39.79583072916667
-39.385056640625 -39.52847265625 -39.798854166666665
-39.384495442708335 -39.52919921875 -39.796528645833334
-39.38245872395834 -39.52859375 -39.7951640625
-39.381721484375 -39.526974609375 -39.79458463541667
-39.36113567708333 -39.52314453125 -39.79195963541667
-39.350408333333334 -39.523953125 -39.79385416666667
-39.342659375 -39.52506640625 -39.79568359375
-39.33648046875 -39.526091796875 -39.79725911458333
-39.33130104166667 -39.5269921875 -39.79857552083333
