-259.40815868263473 -261.06015625 -269.1627840909091
-251.05496818862275 -253.35993055555556 -261.4691287878788
-247.41206961077845 -250.34460069444444 -258.5618134469697
-244.86471744011976 -249.01262152777778 -256.6345170454546
-242.46572791916168 -246.95296875 -254.74244791666666
-240.27636601796408 -245.7382986111111 -253.4413115530303
-238.7813529191617 -245.30958333333334 -252.82083333333333
-237.4050991766467 -244.32465277777777 -251.65561079545455
-236.12832148203591 -244.06114583333334 -250.88345170454545
-235.06864708083833 -243.41289930555556 -250.06342329545456
-234.10686751497005 -243.4724652777778 -249.7749053030303
-233.0948259730539 -242.99368055555556 -249.49015151515152
-232.35548278443113 -243.08350694444445 -249.3446022727273
-231.84667851796408 -242.96890625 -249.37689393939394
-231.02996818862275 -242.64163194444444 -249.4073390151515
-230.30790606287425 -242.6379513888889 -248.7432528409091
-229.6671126497006 -242.49947916666667 -248.96974431818182
-229.1173746257485 -242.65375 -248.8003787878788
-228.66770209580838 -242.5779861111111 -248.45369318181818
-228.2506362275449 -242.60850694444446 -248.7172821969697
-227.74230913173653 -242.7346875 -248.7733428030303
-227.31687874251497 -242.63119791666668 -248.4930397727273
-226.76438061377246 -242.75703125 -248.85187026515152
-226.39497567365268 -243.1003298611111 -248.98854166666666
-226.04615456586825 -242.79887152777778 -248.7114109848485
-225.44871818862276 -242.88991319444443 -248.92526041666667
-224.87080838323354 -242.9489236111111 -248.88108428030304
-224.6051646706587 -243.1225347222222 -248.89782196969696
-224.2735123502994 -243.01095486111112 -249.0360085227273
-224.0678892215569 -243.2150173611111 -248.72554450757576
-223.7551740269461 -243.29894097222223 -249.02026515151516
-223.3058383233533 -243.55473958333334 -248.99789299242425
-222.9642496257485 -243.31590277777778 -248.8411221590909
-222.7260011227545 -243.20401041666668 -248.58726325757576
-222.3955370508982 -243.34954861111112 -248.71796875
-222.08957709580838 -243.4521701388889 -248.62005208333332
-222.12424214071856 -243.26637152777778 -249.00227272727273
-221.72832148203594 -243.44140625 -248.81541193181818
-221.34981287425148 -243.41130208333334 -248.9240056818182
-221.35221744011977 -243.43185763888889 -248.6013494318182
-220.99095247005988 -243.75555555555556 -248.75198863636365
-220.82029378742516 -243.6773611111111 -248.9495975378788
-220.67769461077845 -243.66118055555555 -248.8595643939394
-220.4692645958084 -243.53595486111112 -249.0449100378788
-220.30310628742515 -243.48145833333334 -248.89026988636363
-219.91348241017965 -243.66715277777777 -248.94517045454546
-219.8691616766467 -243.43795138888888 -248.95298295454546
-219.61630800898203 -243.46673611111112 -248.99732481060607
-219.46262163173654 -243.5090451388889 -249.03278882575756
-219.3503368263473 -243.46246527777777 -248.98196022727274
-219.2731380988024 -243.78112847222224 -249.15407196969696
-218.88455276946107 -243.63842013888888 -248.9701231060606
-218.85250748502995 -243.70057291666666 -248.68607954545453
-218.75280688622755 -243.6629513888889 -248.6838068181818
-218.58198914670658 -243.6109548611111 -249.06368371212122
-218.36875935628743 -243.8881423611111 -248.80113636363637
-218.1984375 -243.90598958333334 -248.8702178030303
-218.1319236526946 -243.91953125 -248.86891571969696
-217.95340568862275 -243.9089236111111 -248.95909090909092
-217.89234655688622 -244.0468576388889 -249.03970170454545
-217.735123502994 -243.82288194444445 -249.08125
-217.6109842814371 -244.00564236111111 -249.09495738636363
-217.4658121257485 -243.6896875 -248.90416666666667
-217.38755613772454 -244.07039930555555 -248.91245265151514
-217.2875374251497 -244.05887152777777 -248.86903409090908
-217.16010479041915 -244.1090451388889 -248.8171875
-217.03540419161678 -244.04230902777778 -248.92249053030304
-216.99294535928144 -243.9156423611111 -248.94865056818182
-216.87850860778443 -243.9806076388889 -248.8334990530303
-216.7614895209581 -244.02383680555556 -248.85797821969697
-216.70165606287426 -243.96510416666666 -248.97701231060606
-216.5962013473054 -243.95123263888888 -248.87085700757575
-216.5404378742515 -244.01135416666668 -248.8849668560606
-216.48933383233532 -244.06182291666667 -249.00859375
-216.3814371257485 -244.1365277777778 -248.909375
-216.26885291916167 -244.01390625 -248.8980350378788
-216.26192926646706 -244.09317708333333 -248.94285037878788
-216.17032185628742 -244.12571180555557 -248.9055871212121
-216.10714820359283 -244.04352430555556 -248.90542140151516
-216.03324288922155 -244.07375 -249.07329545454544
-215.9207990269461 -244.0951736111111 -248.9719696969697
-215.88642402694612 -244.1753125 -248.9531486742424
-215.85054266467066 -244.18590277777778 -248.98167613636363
-214.70652133233534 -245.76161458333334 -250.40546875
-214.37540232035929 -246.33552083333333 -250.91742424242423
-214.15012163173654 -246.65744791666665 -251.2013494318182
-213.96860965568862 -246.87352430555555 -251.38830492424242
-213.81009543413174 -247.0338715277778 -251.5255681818182
