-58.16171640625 -58.187568359375 -58.236875
-57.1656578125 -57.2916796875 -57.29313802083333
-56.98940833333333 -57.142640625 -57.141438802083336
-56.91862291666666 -57.08217578125 -57.08513411458333
-56.86640234375 -57.039943359375 -57.05004036458333
-56.79640494791666 -56.97054296875 -56.982236979166665
-56.76002161458333 -56.9685234375 -56.993313802083335
-56.701690625 -56.902912109375 -56.93857161458333
-56.67667578125 -56.89608203125 -56.92092317708333
-56.60640572916667 -56.873009765625 -56.872135416666666
-56.55448802083333 -56.8025234375 -56.82624609375
-56.541576302083335 -56.800408203125 -56.822591145833336
-56.46227005208333 -56.7394453125 -56.778078125
-56.4023671875 -56.710869140625 -56.714333333333336
-56.40019505208333 -56.688080078125 -56.74227864583333
-56.345896875 -56.652208984375 -56.68709375
-56.312498958333336 -56.629142578125 -56.67870703125
-56.277296614583335 -56.603857421875 -56.64669140625
-56.26272682291667 -56.57850390625 -56.640671875
-56.229166927083334 -56.579931640625 -56.60491145833333
-56.19342005208333 -56.541734375 -56.61043619791667
-56.19035078125 -56.52403515625 -56.61222005208333
-56.17294947916667 -56.51368359375 -56.59998958333333
-56.129158333333336 -56.480916015625 -56.565671875
-56.11589791666667 -56.470744140625 -56.56167838541667
-56.08290520833334 -56.46546875 -56.545520833333335
-56.07547916666667 -56.466759765625 -56.54260026041667
-56.05758541666667 -56.42625 -56.51041796875
-56.04548619791667 -56.408421875 -56.5372265625
-56.02765755208333 -56.39563671875 -56.52862109375
-56.008313541666666 -56.408796875 -56.500822916666664
-55.987485416666665 -56.43253515625 -56.48704427083333
-55.97884947916667 -56.392783203125 -56.500153645833336
-55.95003645833334 -56.35762890625 -56.479325520833335
-55.94898828125 -56.360421875 -56.44792838541667
-55.936616666666666 -56.388193359375 -56.46967317708334
-55.92453489583333 -56.37508984375 -56.44151953125
-55.909150260416666 -56.365654296875 -56.434235677083336
-55.88900911458333 -56.34690625 -56.45140364583333
-55.88618463541667 -56.365634765625 -56.42789583333333
-55.86529010416667 -56.34000390625 -56.404772135416664
-55.85927239583334 -56.319759765625 -56.43886197916667
-55.84587265625 -56.32385546875 -56.3908125
-55.8257671875 -56.298892578125 -56.40384114583333
-55.8219734375 -56.329111328125 -56.39615494791666
-55.80610364583333 -56.302044921875 -56.39834244791667
-55.805567708333335 -56.3130546875 -56.40227734375
-55.78864453125 -56.302166015625 -56.39159505208333
-55.77826848958333 -56.278677734375 -56.37608203125
-55.7626015625 -56.297921875 -56.35913671875
-55.75931510416667 -56.2849921875 -56.359546875
-55.74173359375 -56.291365234375 -56.363598958333334
-55.73795833333333 -56.25547265625 -56.354216145833334
-55.73055677083333 -56.263259765625 -56.35377604166667
-55.713485677083334 -56.27296875 -56.337890625
-55.71257447916667 -56.254130859375 -56.336645833333336
-55.70148854166667 -56.250880859375 -56.35286588541667
-55.69478958333333 -56.27856640625 -56.324712239583334
-55.682105989583334 -56.240669921875 -56.306196614583335
-55.67663463541667 -56.254201171875 -56.316916666666664
-55.675265885416664 -56.236880859375 -56.33570963541667
-55.67344296875 -56.23220703125 -56.31869140625
-55.650651822916664 -56.231953125 -56.30736067708333
-55.650821354166666 -56.224939453125 -56.31975
-55.642116666666666 -56.21881640625 -56.310322916666664
-55.63775494791667 -56.232095703125 -56.31906640625
-55.63230364583333 -56.219734375 -56.29772786458334
-55.621716666666664 -56.209736328125 -56.30116796875
-55.61866796875 -56.2030234375 -56.29613671875
-55.61517135416667 -56.20087890625 -56.286071614583335
-55.60658359375 -56.200666015625 -56.30368359375
-55.602063802083336 -56.190384765625 -56.28935807291667
-55.59208463541667 -56.205642578125 -56.28317838541667
-55.59276588541667 -56.20940625 -56.28603385416667
-55.58488307291667 -56.20316015625 -56.28230859375
-55.58493359375 -56.20931640625 -56.27443880208333
-55.57650182291667 -56.192205078125 -56.27565364583333
-55.5731140625 -56.191322265625 -56.27963411458333
-55.56675729166667 -56.185869140625 -56.27257291666667
-55.56196979166667 -56.187525390625 -56.26252994791667
-55.5582375 -56.187044921875 -56.264010416666665
-55.55503958333333 -56.172845703125 -56.26346875
-55.549812760416664 -56.1816328125 -56.2681171875
-55.547991145833336 -56.174416015625 -56.2536484375
-55.54733229166666 -56.18175 -56.25686067708333
-55.539275520833336 -56.171439453125 -56.25619270833333
-55.53535625 -56.17433984375 -56.25941536458333
-55.5334328125 -56.167525390625 -56.24991796875
-55.53167161458333 -56.167650390625 -56.25108072916667
-55.5272515625 -56.15936328125 -56.25554427083333
-55.52609453125 -56.16830078125 -56.25219140625
-55.52253151041667 -56.16223828125 -56.25166015625
-55.51971875 -56.165658203125 -56.25159765625
-55.5179953125 -56.166244140625 -56.24832682291667
-55.51453854166667 -56.156271484375 -56.24668359375
-55.51302239583333 -56.161375 -56.24672526041667
-55.51105026041667 -56.159310546875 -56.24675520833333
-55.50864869791667 -56.162732421875 -56.248302083333336
-55.50775364583333 -56.158474609375 -56.24628125
-55.50601171875 -56.157267578125 -56.24671484375
-55.48318776041667 -56.165712890625 -56.25248697916667
-55.4697203125 -56.173388671875 -56.25965234375
-55.459558333333334 -56.179611328125 -56.265638020833336
-55.45133802083333 -56.184775390625 -56.27063802083333
-55.444384375 -56.189076171875 -56.27481119791667
