-34.767795662715514 -35.145027535860656 -36.123209729010924
-34.25094827586207 -34.6772456724547 -35.744669619752734
-33.75205033225575 -34.19655110817515 -35.1903785850345
-33.35570761494253 -33.88349752615401 -34.76990188326624
-33.11539724766523 -33.65844621238676 -34.57618759883554
-33.08851809446839 -33.62978759976273 -34.537325016173085
-33.09959478268678 -33.639923122034084 -34.54217806569868
-32.974908854166664 -33.67597125417925 -34.445983009272574
-32.89103740122126 -33.54469205841512 -34.3146934750575
-32.85907170438218 -33.475689576143225 -34.379167939548594
-32.84802734375 -33.560991341539044 -34.327534233036225
-32.8585113595546 -33.54176805840164 -34.40626347757332
-32.71998697916667 -33.475659664177094 -34.311763225991946
-32.73795954561782 -33.53875916738568 -34.35242169529902
-32.611757363505745 -33.33406905535483 -34.197131972397926
-32.6405230783046 -33.39016663071614 -34.23622367380678
-32.61497059087644 -33.386354750862814 -34.27747852573318
-32.63933818247126 -33.33143764492558 -34.21208421686314
-32.598563891882186 -33.390536527987486 -34.208978759344454
-32.526222611350576 -33.29507354130716 -34.155648001725126
-32.67953989313937 -33.48815149104832 -34.32200056605808
-32.43492771192529 -33.27188039257981 -34.10909421722254
-32.52261359554598 -33.26508447813309 -34.138866176682
-32.46913591056035 -33.290007044057376 -34.088209594235195
-32.38950520833333 -33.185318111653366 -34.033743351063826
-32.39455482219827 -33.172783733957075 -34.06934436098332
-32.443121408045975 -33.24644511027826 -34.12099491446234
-32.41098217492816 -33.21035569119392 -34.06580312859402
-32.43648347701149 -33.20766866978538 -34.06193618818286
-32.3463485542385 -33.17411270997358 -34.012212927688324
-32.35682156968391 -33.17311360817515 -34.01610682324612
-32.29488348599138 -33.142463111383734 -34.00720488606958
-32.30161626706178 -33.11408171106557 -34.047605035221395
-32.23142522000718 -33.0527257384464 -33.933987969019554
-32.16847162356322 -32.97762500674072 -33.898059004815984
-32.230834006824715 -33.05405892741587 -33.9511494123778
-32.19002693965517 -33.0061121521786 -33.939052167193786
-32.2436306797773 -33.0753661477432 -33.93759771240656
-32.223808481501436 -33.03618294664042 -33.937037269982746
-32.150347297054594 -33.02620203974331 -33.88653792589132
-32.10037805316092 -32.97094452720557 -33.841336391244965
-32.13568359375 -32.99788172724331 -33.85863934912306
-32.154695581896554 -32.916827882333905 -33.86702127659574
-32.087223307291666 -32.9715356045082 -33.840929817783206
-32.0662033045977 -32.957235999514666 -33.835072689045425
-32.03684940732759 -32.968615185504746 -33.822723862492815
-32.0610436871408 -32.915261927712464 -33.83614078673088
-32.03755859375 -32.96560418801229 -33.81822459926682
-31.983540656429597 -32.88889979575604 -33.747435891676254
-32.03789444145115 -32.872908900790016 -33.77629811493674
-31.98774874281609 -32.863022995982526 -33.77866455218516
-31.987194571659483 -32.89437916239754 -33.76231737888154
-31.943264973958332 -32.876836426202544 -33.738143104873494
-31.967481366738507 -32.842328970960956 -33.774711130678554
-32.04030598958333 -32.92494792790121 -33.812145090569295
-31.951341145833332 -32.84960600463762 -33.72490925100632
-31.912019912895115 -32.847905235520926 -33.70705595888442
-31.906400188577585 -32.81836864349655 -33.70106742380678
-31.876793619791666 -32.84125782766663 -33.703795509272574
-31.881993983477013 -32.81855443472282 -33.683471328709025
-31.886786884877875 -32.83577066706212 -33.69719262147786
-31.899096848060346 -32.834283073366045 -33.70703574252444
-31.866918552442527 -32.80973124730371 -33.66691076049454
-31.856774425287355 -32.79598438174072 -33.65294013261932
-31.818869769216953 -32.7605799888104 -33.636731104442205
-31.84859487248563 -32.78375944544057 -33.66438034610408
-31.825980042205458 -32.77614685005932 -33.64236360695802
-31.810415544181033 -32.77591724412209 -33.6228065249425
-31.809932875359195 -32.776585418464194 -33.62247070874066
-31.77797952586207 -32.75911661959394 -33.600151847326046
-31.7655740391523 -32.743935875485334 -33.617341368962045
-31.774884832974138 -32.74084441059102 -33.62105668667338
-31.783906474497126 -32.75628698972714 -33.63926151883266
-31.725568426724138 -32.71000812257334 -33.57314728292122
-31.71909146012931 -32.73814601420945 -33.599197185882694
-31.709888873922413 -32.73293395943432 -33.57874609150374
-31.731782507183908 -32.71041045958261 -33.59411277134848
-31.709515422952585 -32.712449107528045 -33.56840317711328
-31.71169607579023 -32.72836943553171 -33.57191857748706
-31.70792688128592 -32.73515502824364 -33.590114424597466
-31.69263110632184 -32.717744368124464 -33.58730996621622
-31.688070671695403 -32.71516098535915 -33.55044094127372
-31.676068494073277 -32.694461483498706 -33.5628425549885
-31.674159707255747 -32.69709415781385 -33.57663797441058
-31.65463519216954 -32.69721464826898 -33.54853611091144
-31.662400996767243 -32.682156711739644 -33.55478858179988
-31.64459478268678 -32.68530083854616 -33.544267089562965
-31.651990616020115 -32.68981965190898 -33.55380584207878
-31.642705863864943 -32.68130822301014 -33.555689332949974
-31.64171807650862 -32.688654349115616 -33.547709486414604
-31.62727011494253 -32.66946519089733 -33.54205901380104
-31.622317483836206 -32.67971151383197 -33.542307225776305
-31.613993130387932 -32.67680541886864 -33.546652620040255
-31.59956963900862 -32.68463308549935 -33.532187814476714
-31.59691922593391 -32.68307134383089 -33.53542130894192
-31.602928565014366 -32.6784396233283 -33.52826471751006
-31.594195290050287 -32.66688222942731 -33.521300181497985
-31.598005230783045 -32.663864069914794 -33.52635876401668
-31.593644149604884 -32.66893351623167 -33.51987155872628
-31.59504613415948 -32.655476923128774 -33.51953574252444
-31.408903668283045 -32.764760923344475 -33.618383634631975
-31.34043036099138 -32.84432338290013 -33.6963401649655
-31.297808908045976 -32.89721869270384 -33.749546255031625
-31.266433301903735 -32.935005510542496 -33.787640616014954
-31.241824263649427 -32.96325041118421 -33.81776299238068
