-155.39453812476478 -137.75524292640807 -171.354659272051
-154.34344009511562 -137.95564475956428 -168.9197080897981
-149.82260676898852 -132.27186628254518 -166.27395224495217
-148.9992391926968 -131.57661189891073 -165.84759605804996
-148.9327193577465 -131.78696615967056 -165.52127266538258
-148.43614694684345 -129.874661679729 -166.72372932717855
-149.07756193946886 -130.50090495483528 -167.33671999535068
-147.8606493392616 -130.79079561304462 -164.86219779489903
-147.35608034464104 -129.96579644327844 -164.38198641737515
-146.64966285115779 -128.77767376793304 -164.05188753653027
-146.73517035407718 -129.48054347104144 -164.0691107365834
-147.03500971806375 -129.4570872907811 -164.70907362513285
-145.6348546078046 -128.64748895789054 -162.69996803599895
-146.14416904934197 -128.5994495549947 -163.43817041378853
-145.48996666992966 -127.96784919633369 -162.94598914054197
-145.11407625817708 -127.71450958089798 -162.74481103878853
-145.09743952195913 -128.45374352417642 -161.88297024442082
-145.37628977505423 -128.38945852151966 -162.54505056123804
-145.60170736729197 -128.42574388947926 -163.09317506309776
-144.40716365191656 -127.77214856203507 -161.17203066883636
-144.46522462926427 -127.38757804197662 -161.8275708189426
-144.52951734308587 -127.25133044965462 -162.21557435573857
-144.30962453234304 -127.69311445603081 -161.42648694872477
-144.09746587522415 -127.0613003121679 -161.88013292043038
-144.55336611832274 -127.17385718318279 -162.39886299481935
-143.51777511511557 -126.63278136623273 -161.01819042242295
-143.4163696105303 -126.69616971639213 -160.69207043703506
-143.48950636335147 -126.76736849096706 -160.78719447396386
-143.42782958400667 -126.42335904290648 -161.12702369487246
-143.48953742950556 -126.75887104808714 -160.90893580632306
-142.85443130907973 -126.25884614107332 -159.9067336111849
-142.2300475301348 -125.76618540781084 -159.53299141538258
-142.42873735562128 -126.00826705300213 -159.89429463336876
-141.77209609935358 -125.29254533076514 -159.16007945337407
-141.6980042082208 -125.38773163522848 -158.4157437234325
-141.97408674154482 -125.46222021121147 -159.24060590462275
-141.7374115057793 -125.30242718849628 -158.93700601089267
-141.19285959257118 -124.80901924481934 -158.23922979210946
-141.33538207089015 -125.23818784869819 -158.18922065953774
-141.46081202473323 -125.18727583687567 -158.51664203639746
-140.93198782224056 -124.45415448990435 -157.9828141604676
-140.70083042834887 -124.40972037725824 -157.71806713270456
-141.3271862703251 -124.40259697130712 -158.78202626859724
-140.54195543561278 -124.07135651899574 -157.80834883103083
-140.10130493412677 -124.05593700185972 -157.03544890741233
-140.64284598140165 -124.25489630379914 -157.99270016936768
-140.33831197457772 -124.26034886424017 -157.17364132239638
-140.31016307720353 -123.98367345244421 -157.48974661264612
-139.6834924877413 -123.64851637221041 -156.62986101886293
-139.64936740922198 -123.50427777962274 -156.79155942813497
-139.42138635123112 -123.09070926873008 -156.40401874667907
-139.3244648579319 -123.30366838801807 -156.3532997642136
-139.4258870521977 -123.16903975159404 -156.55092446532944
-139.0515513101313 -123.29236060374602 -155.99965960414454
-139.04924212420028 -122.99438139280021 -156.27021619287993
-138.7236146311252 -122.93707242959617 -155.45872700252391
-138.9779747669325 -123.20373522183847 -155.76346224096704
-138.6144134675518 -122.80552811171626 -155.5911513682253
-138.44869254944987 -122.55302080565887 -155.44929347104144
-138.2499345384032 -122.73726836477152 -155.1244105340064
-138.32465060629372 -122.55249568278427 -155.31231319739638
-138.04863937163094 -122.43528950252391 -155.00732058647716
-138.0718717312439 -122.2712954968119 -155.199959733661
-137.82691897601114 -122.36406997210415 -154.6575430891339
-137.74945058090466 -122.26001054396919 -154.30993042640807
-137.57330585473994 -122.0460530685441 -154.4716744985388
-137.64812424420825 -121.81190430725292 -154.86570760826248
-137.58228540010958 -121.99467197462806 -154.3947595642933
-137.55714380157372 -121.90874692813496 -154.29137054994686
-137.50740952636588 -121.69154531416046 -154.47496429994686
-137.11261770548543 -121.75562275836876 -153.87514529091393
-137.13520379397082 -121.61557684643996 -153.82650396851753
-137.09326677753918 -121.60256500730605 -153.82845709351753
-136.8531743080614 -121.49030702045697 -153.66348133634432
-136.66634327888406 -121.26967031416046 -153.49939600491498
-136.7816358083409 -121.35902215063761 -153.49270224495217
-136.7883104266747 -121.1979256608661 -153.66772590661532
-136.47256056538066 -121.17696225757173 -153.2130006309777
-136.57731034037263 -121.00938371745484 -153.45153095111584
-136.27081596626505 -121.06261208156216 -153.00950410135493
-136.24010392741909 -120.85958048286398 -153.24604393597238
-136.02414566562942 -120.67541594713072 -153.04462091524974
-136.29489238701518 -120.88538830034538 -153.07615319473965
-136.11141209225295 -120.8929288987779 -152.78610064094048
-135.94838610356663 -120.608432684644 -152.65050893331562
-135.81597620968188 -120.69688164187035 -152.5894535401169
-135.8198588736178 -120.55400255712009 -152.6778423053932
-135.9004330410016 -120.65952527231669 -152.72281191883636
-135.64422391774772 -120.5756737347237 -152.29592853347503
-135.67725904338556 -120.56870392202444 -152.3747156449256
-135.5047928568513 -120.32527314691818 -152.31998040648247
-135.5654717576015 -120.29157603281084 -152.41203880512754
-135.45108412446456 -120.2321541246015 -152.28761374202975
-135.3828037011658 -120.16940713004782 -152.2639022648778
-135.40414956478847 -120.22383310640276 -152.27619387619555
-135.21477214867616 -120.0924029456695 -152.05698724760893
-135.16873416209847 -120.0499738476355 -151.92248729742295
-135.14648299139955 -119.9972934378321 -151.95103073525505
-135.2585738693909 -120.01426756774708 -152.14719422489372
-135.1397825818884 -119.9632663057917 -152.0698268132306
-134.42562399516015 -119.5693286729543 -151.57804612778958
-134.2531867129043 -119.51609823326248 -151.53590553599895
-134.14762413749807 -119.48666021851753 -151.5294048053932
-134.05976594063387 -119.47187998140276 -151.51485080698725
-133.9565145400843 -119.45315613376727 -151.48857598299682
-133.89811004068477 -119.43668221971308 -151.49131783010097
-133.8636466502341 -119.43023545430393 -151.4912555625664
-133.83435928748727 -119.42492403360787 -151.4918097436238
-133.80701203524862 -119.42035774774176 -151.49172464465994
-133.74289287680975 -119.41641206163656 -151.4940202410999
-133.7222136275652 -119.412781864373 -151.49483387021786
-133.70179002012446 -119.40908732399043 -151.49475292242295
-133.68034879616383 -119.40838785201913 -151.49421534604144
-133.66391562216361 -119.40530976022848 -151.49420081695004
-133.64761747892084 -119.40162352218384 -151.493605124203
-133.63298934143384 -119.39872393065887 -151.49346606004252
-133.6194277437143 -119.39627058979809 -151.49379607797556
-133.6065044614197 -119.39399782478746 -151.4941551540914
-133.5941715657653 -119.39182883900106 -151.49463046293837
-133.58237976598474 -119.38976985919234 -151.49511407412328
-133.5710973041237 -119.38774616431988 -151.49568693544103
-133.56028656354462 -119.3857888881509 -151.49622451182253
-133.5498320568466 -119.38395199588204 -151.49681605340064
-133.53982611774163 -119.38213585945802 -151.49749684511158
-133.53012167382448 -119.38044425810308 -151.4982648113709
-133.52074460274756 -119.37879624402231 -151.4991386324389
-133.5116287511138 -119.37723540448991 -151.50016812234324
-133.50283867253222 -119.37578872210415 -151.50127440887354
-133.49435867178508 -119.37441260959086 -151.50264844580235
-133.48610651112 -119.37316725890011 -151.50414909338468
-133.4781097112149 -119.371834733661 -151.50578257837407
-133.4704376682804 -119.37070769128587 -151.50742851687036
-133.46297710002878 -119.3697051839798 -151.5090121878321
-133.45577976176475 -119.36868607199787 -151.51068718451117
-133.44874724490558 -119.36773130313496 -151.5121110354676
-133.44186573506542 -119.36658350491498 -151.51361168304996
-133.4352648583124 -119.36557477085547 -151.51488609192347
-133.42884281191888 -119.36450584484591 -151.51615634962806
-133.42265807462311 -119.36350333753985 -151.51731452577044
-133.41668684417337 -119.36248837672689 -151.51843119022317
-133.41087749497754 -119.36147756708289 -151.51939218583954
-133.4052871870296 -119.36050204237513 -151.5203511058714
-133.39985692274112 -119.35967595975026 -151.52109831628587
-133.39463834932315 -119.35870873738044 -151.52181231734858
-133.38955400676858 -119.35780585812965 -151.5223872542508
-133.3845746665177 -119.35690297887885 -151.5229372841392
-133.3797438687475 -119.35609142534538 -151.52332541843782
-133.37497072820275 -119.35524873804464 -151.523775820271
-133.37034094163695 -119.3544454868491 -151.52411414054197
-133.3657282122706 -119.35359449721041 -151.52451057717855
-133.36117869615026 -119.35279954835282 -151.524919467322
-133.356675206364 -119.3520191285866 -151.52525778759298
-133.35226143442011 -119.35118889479277 -151.5257683813762
-133.34787552905422 -119.3504852716525 -151.52629142866633
-133.34350144914853 -119.34977334617429 -151.52666088270456
-133.33925247699074 -119.3490967056323 -151.52705524375665
-133.3349870529587 -119.34841798950585 -151.527412244288
-133.3307981809459 -119.3478181455898 -151.52774018663655
-133.32666700939603 -119.34731792972902 -151.5279913323592
-133.32255451645239 -119.34687375464931 -151.52818643730075
-133.31854482069923 -119.3464171260627 -151.52847079237515
-133.3145760060159 -119.3459999335813 -151.5286908043305
-133.31068882375973 -119.34552670031881 -151.52889836277896
-133.30690100131164 -119.3451115834219 -151.5291329038257
-133.3031838289621 -119.34474005379914 -151.52931347967586
-133.29952409765036 -119.34427927404357 -151.52950028227949
-133.2959648935596 -119.34386415714665 -151.52977633501595
-133.29244151174953 -119.34346356934113 -151.52981577112115
-133.2889366355956 -119.34317298751328 -151.52992370151435
-133.28554210157841 -119.34278277763018 -151.53002955632306
-133.2821905456505 -119.34245275969712 -151.53005861450583
-133.2788919772965 -119.34204594513815 -151.53023711477152
-133.27570238909752 -119.34170139811371 -151.5302931555526
-133.27251223881083 -119.3413921360255 -151.53047373140276
-133.26939349527916 -119.34104551341657 -151.53069166777365
-133.2663263557209 -119.34067605937832 -151.5308058249203
-133.2633238994842 -119.34033566352285 -151.5310860288257
-133.26037250675196 -119.33995998273113 -151.53122301740171
-133.25748004675185 -119.3394680692083 -151.5314637852019
-133.2546097243591 -119.33904672555792 -151.53168587274178
-133.25181526218537 -119.338631608661 -151.53188097768333
-133.24903165262774 -119.33810856137089 -151.53213212340594
-133.24624888620164 -119.33768929330499 -151.53249950185972
-133.24353084633458 -119.3372305891339 -151.53268838004783
-133.240868323436 -119.33676980937832 -151.53301424681192
-133.23823217542116 -119.33627997143996 -151.53328199721042
-133.23560657735987 -119.33578805791711 -151.5336473000797
-133.23303973908062 -119.33538331894262 -151.53398769593517
-133.23045286021346 -119.33495574853879 -151.53427620217855
-133.227926643579 -119.33451987579703 -151.53459791777365
-133.22537565184876 -119.33414004383634 -151.53506699986715
-133.22289070542178 -119.33381832824124 -151.53550909936237
-133.22040807220182 -119.3335256708289 -151.53596157678
-133.21796281781303 -119.3332164087407 -151.53641405419765
-133.21551643924886 -119.33295903626461 -151.53688936304462
-133.2130591648311 -119.33274317547821 -151.53731900903296
-133.2106547698934 -119.3325563728746 -151.5378628121679
-133.2081854970654 -119.3323799481934 -151.53839001062698
-133.2058158434705 -119.3322201281881 -151.53900023246547
-133.20342299294919 -119.33209559311902 -151.53957309378322
