-157.64342612825544 -167.23605510752688 -164.09822494033412
-153.64826469407777 -163.9524389560932 -160.51911172434367
-150.47751850695684 -161.53238407258064 -157.93199955250597
-147.84870562789868 -159.37551803315412 -155.74273754474942
-145.83111844452372 -157.97421034946237 -154.47667437350836
-144.37991103282198 -157.0060063844086 -153.4053270435561
-143.16006845344273 -156.14740143369175 -152.63188022076372
-142.41783914555833 -155.66410450268816 -152.3503132458234
-141.7200878523011 -155.3904009856631 -152.0227849045346
-141.33772687745272 -155.2430415546595 -152.02187127088305
-140.6763651667856 -154.9887432795699 -151.72833383054893
-140.30048720121297 -155.17828741039426 -151.83317795346062
-139.82717735462006 -154.9415042562724 -151.58306607995226
-139.48642358633606 -154.74994399641577 -151.46147822195704
-139.07842880396004 -154.6854278673835 -151.38325067124106
-138.70753991259366 -154.72814460125448 -151.39522113663483
-138.51222462540136 -154.61798555107526 -151.36199470465394
-137.98472897342134 -154.47701052867384 -151.08989968675417
-137.8401461603639 -154.40210573476702 -151.18512268794748
-137.72404009097394 -154.4890372983871 -151.22391482696898
-137.3786038396361 -154.37893425179212 -151.0028061605012
-136.99691179093827 -154.401853718638 -151.12638909606204
-136.95721102390297 -154.5410646281362 -151.260767825179
-136.70046323135927 -154.4412382392473 -151.151392825179
-136.53791975115948 -154.47384632616487 -151.05439849343676
-136.5655965706386 -154.42425515232975 -150.99525469868735
-136.29359168747771 -154.4307655689964 -151.05227289677805
-135.95315008473065 -154.23882728494624 -150.89935113365155
-136.01124910809847 -154.36640344982078 -150.95284531622912
-135.64315019621833 -154.3430359543011 -150.81904460023867
-135.4375 -154.47674451164875 -150.96094682279235
-135.35609168747771 -154.57918906810036 -150.9541038931981
-135.34163730824116 -154.49259352598565 -150.97151886933173
-135.05550414734213 -154.4100302419355 -150.9326894391408
-134.94652492864788 -154.4239471326165 -150.85916057577566
-134.91949473778095 -154.3943632392473 -150.9031455101432
-134.87385725115948 -154.53682235663084 -150.8275936008353
-134.59978148412415 -154.22295026881721 -150.82282033114558
-134.52554183018194 -154.53235607078852 -150.9590542959427
-134.73217311808776 -154.43647793458783 -151.0907200924821
-134.29192215929362 -154.29156866039426 -150.74806085918854
-134.23559857741705 -154.39590333781362 -150.94312164379474
-134.08572567338567 -154.36087309587813 -150.9211478221957
-134.23556791830183 -154.48938732078852 -150.93609225835323
-133.87363706296824 -154.30257336469535 -150.79828274164677
-133.77599056814128 -154.40564796146953 -150.77898456145584
-133.76746733410633 -154.265134968638 -150.76143906622912
-133.83198247413486 -154.28101198476702 -150.72351394689738
-133.50470199339992 -154.36270721326164 -150.82158039976133
-133.38486108633606 -154.23245687724014 -150.7148903639618
-133.40250122636462 -154.27403953853047 -150.7268142153938
-133.25663351765965 -154.3738519265233 -150.79926163484487
-133.32250323314307 -154.4346438172043 -150.83096845167066
-133.21545275151624 -154.3293710797491 -150.8352382905728
-133.0840895915091 -154.35719086021504 -150.75959315334129
-133.09783323671067 -154.22689852150538 -150.7195237917661
-133.08209674901892 -154.3691616263441 -150.74144167661098
-133.01390251516233 -154.3019293234767 -150.7083364409308
-132.8385212272565 -154.35765288978496 -150.69524724045345
-132.85261884587942 -154.25338821684588 -150.77617840095465
-132.87534003745986 -154.33582549283153 -150.7923907368735
-132.81621811452015 -154.34188788082437 -150.75476394689738
-132.6264437656083 -154.2394013216846 -150.67905355011933
-132.56773992151267 -154.25833053315412 -150.70304109486872
-132.5966681903318 -154.21908602150538 -150.6262306085919
-132.5654181903318 -154.25557235663084 -150.63660687649164
-132.52745384409562 -154.22493839605735 -150.6372967631265
-132.45727512932572 -154.17372311827958 -150.63148866348448
-132.40035230110595 -154.12056171594983 -150.6375205101432
-132.37505295665358 -154.21289762544802 -150.6693205548926
-132.4029722618623 -154.17149697580646 -150.6472068914081
-132.29033903407063 -154.15550795250897 -150.68054519689738
-132.18926707991437 -154.2052251344086 -150.67711440930788
-132.12717122279702 -154.2652329749104 -150.74078908114558
-132.21452740367462 -154.1860579077061 -150.62280914379474
-132.17574641009634 -154.15926019265234 -150.61980720465394
-132.14764315019622 -154.17970150089604 -150.61194809069212
-132.0304277782733 -154.20486111111111 -150.66338193615752
-131.99974636550124 -154.23160282258064 -150.67139021479713
-131.94949607563325 -154.17457717293908 -150.6739539826969
-131.9374554049233 -154.18272569444446 -150.70742280727924
-132.00824451480557 -154.1620883736559 -150.62779683770884
-131.93724357830897 -154.18849406362008 -150.60375335620526
-131.85326547449162 -154.20537914426524 -150.6229769540573
-131.79267748840527 -154.2133596550179 -150.66317683472553
-131.84729809579022 -154.16920082885304 -150.61729937350836
-131.77999297627542 -154.18133960573476 -150.63134882159903
-131.77064473332143 -154.20402105734766 -150.62836552804296
-131.71386405190867 -154.22128416218638 -150.6471416318616
-131.6746371075633 -154.25390625 -150.68280131264916
-130.5465600472708 -155.84587813620072 -152.20099008054893
-130.25607886639315 -156.4060819892473 -152.76238999105013
-130.0955533134142 -156.67655129928315 -153.04480534009548
-129.98273055654656 -156.8487063172043 -153.21954243735084
-129.89405882090617 -156.97393033154123 -153.34102774463008
