-99.78296630859376 -99.98001953125 -99.65762673903879
-97.84433837890624 -98.2184375 -97.88510404590008
-96.093359375 -96.468408203125 -96.20901731134065
-94.43502197265624 -94.896044921875 -94.55064374077783
-93.23494873046874 -93.69544921875 -93.35769771685287
-92.20594970703125 -92.71837890625 -92.41616219171586
-90.9896533203125 -91.54544921875 -91.23704696063449
-89.15797607421875 -89.811533203125 -89.50830325147555
-86.71157958984375 -87.356796875 -87.16762538864882
-84.17232666015624 -84.76595703125 -84.69748712189082
-82.17231689453125 -82.8388671875 -82.73383402060497
-80.89290283203125 -81.5474951171875 -81.54203171110876
-80.09924072265625 -80.8413671875 -80.84032709079891
-79.646044921875 -80.3719189453125 -80.41535854500421
-79.28521728515625 -80.031875 -80.11111650901138
-79.03232421875 -79.91185546875 -79.91756363301012
-78.90515869140626 -79.7585791015625 -79.80430708526559
-78.69989013671875 -79.6292529296875 -79.66232428462268
-78.57784912109375 -79.6243603515625 -79.60079590667158
-78.47380859375 -79.591650390625 -79.52081741410203
-78.3139794921875 -79.594638671875 -79.47296832182757
-78.19397705078126 -79.5196337890625 -79.40528167158516
-78.1448779296875 -79.4453271484375 -79.39758444877741
-78.0522265625 -79.467958984375 -79.35467992464166
-77.9565087890625 -79.4477001953125 -79.32114743623525
-77.9371435546875 -79.4554443359375 -79.30019745336214
-77.8388330078125 -79.431181640625 -79.2636307045742
-77.79903076171875 -79.4021044921875 -79.27611110745151
-77.71798095703124 -79.3903125 -79.24078770552276
-77.7520166015625 -79.409931640625 -79.31160742516863
-77.6752734375 -79.37556640625 -79.26804417422007
-77.75255615234374 -79.3986328125 -79.31064733083896
-77.604208984375 -79.3346337890625 -79.24001946537732
-77.5920263671875 -79.3408154296875 -79.25447604869309
-77.5331494140625 -79.3696630859375 -79.24298785307757
-77.489033203125 -79.3303564453125 -79.18797016626264
-77.55443359375 -79.3074658203125 -79.20623583737353
-77.42833984375 -79.374482421875 -79.19008714955734
-77.37723388671876 -79.3469677734375 -79.2219267100548
-77.37011474609375 -79.30951171875 -79.19998781355396
-77.3095751953125 -79.3514501953125 -79.18025071142496
-77.2857861328125 -79.3392041015625 -79.18368267811972
-77.25145263671875 -79.319208984375 -79.1712483861193
-77.21059814453125 -79.322392578125 -79.1545949488828
-77.189248046875 -79.341171875 -79.19327950437395
-77.15313720703125 -79.3357421875 -79.17202980080101
-77.10017578125 -79.33501953125 -79.12532030591274
-77.07612548828125 -79.347216796875 -79.15617754005059
-77.0340576171875 -79.4015869140625 -79.13194709764966
-77.05531005859375 -79.3441748046875 -79.11187404484612
-77.0047314453125 -79.3241845703125 -79.10136652877318
-77.0179736328125 -79.29943359375 -79.11864905011593
-76.962216796875 -79.300517578125 -79.1045333579258
-76.9442236328125 -79.2879638671875 -79.12084837426222
-76.93755126953126 -79.2993896484375 -79.13914780512226
-76.90916748046875 -79.286513671875 -79.12445572697091
-76.883466796875 -79.3416650390625 -79.10682572723441
-76.85450439453125 -79.3264599609375 -79.08595232135329
-76.872353515625 -79.3116064453125 -79.11336606107714
-76.88814453125 -79.31677734375 -79.12389169213743
-76.80273193359375 -79.288359375 -79.09067045215008
-76.76221923828125 -79.2925390625 -79.08000978209317
-76.74537841796875 -79.3073291015625 -79.05302092116358
-76.71248779296874 -79.27712890625 -79.05787491436551
-76.7022265625 -79.295341796875 -79.05254087399874
-76.6971142578125 -79.31755859375 -79.06811976312184
-76.6708935546875 -79.3021337890625 -79.06590644103078
-76.6440625 -79.3141748046875 -79.05731334975759
-76.66929931640625 -79.3148095703125 -79.07641395710371
-76.64280517578125 -79.305888671875 -79.06660386804384
-76.6378955078125 -79.3055126953125 -79.06995761092959
-76.6051123046875 -79.2983740234375 -79.07081313237774
-76.589912109375 -79.2892724609375 -79.04746703072301
-76.56781982421874 -79.290732421875 -79.04453404958896
-76.57468017578125 -79.3129345703125 -79.05837719356029
-76.57930908203124 -79.2976318359375 -79.06574999341274
-76.54660400390625 -79.308330078125 -79.04956836925591
-76.5348974609375 -79.2951318359375 -79.03796654326517
-76.53477294921875 -79.3007763671875 -79.0471524886699
-76.51164794921876 -79.30109375 -79.05715525532251
-76.5031396484375 -79.2805810546875 -79.04907432414629
-76.4931689453125 -79.2844140625 -79.05380233584528
-76.47581787109375 -79.297626953125 -79.06320895473229
-76.461982421875 -79.294892578125 -79.05846282804595
-76.4735107421875 -79.3034130859375 -79.07291611772766
-76.4616650390625 -79.3075048828125 -79.0652551248946
-76.46242919921875 -79.31744140625 -79.07655805359401
-76.45063232421874 -79.3125732421875 -79.07330641336425
-76.43990234375 -79.3086669921875 -79.06419210450042
-76.4235693359375 -79.30361328125 -79.06764630322513
-76.41848388671875 -79.3098974609375 -79.06797813685708
-76.4074267578125 -79.3127490234375 -79.06706332999579
-76.3990185546875 -79.315732421875 -79.06568000368887
-76.40638916015625 -79.3138134765625 -79.07130306044478
-76.393671875 -79.3143212890625 -79.06379275137016
-76.38186767578125 -79.315322265625 -79.06122783384275
-76.3744921875 -79.313798828125 -79.06163377424114
-76.37719970703125 -79.3146142578125 -79.065686590957
-76.3691650390625 -79.30888671875 -79.06335716826517
-76.36269287109376 -79.31140625 -79.0589478156619
-76.162412109375 -79.257548828125 -78.98072730027403
-76.09837158203125 -79.2606103515625 -78.97872806439713
-76.05691162109375 -79.2687646484375 -78.98326175168634
-76.023671875 -79.2769140625 -78.98849780643971
-75.9942431640625 -79.2841259765625 -78.9935033068086
