-54.87787847222222 -55.04165234375 -54.72142329832324
-53.7605078125 -53.98351171875 -53.62189993010318
-53.2760625 -53.46553125 -53.143089717053115
-53.10739930555555 -53.31136328125 -52.98829314266164
-53.021206597222225 -53.19828515625 -52.912264424463984
-52.934535590277775 -53.10793359375 -52.836266045899386
-52.85040234375 -53.04855078125 -52.77584880387702
-52.803446180555554 -52.99991796875 -52.73918347595037
-52.73140234375 -52.96231640625 -52.66525330835459
-52.70503819444444 -52.93585546875 -52.64885598229945
-52.656849826388886 -52.88925 -52.636725867802475
-52.62849479166667 -52.89319921875 -52.61765475407518
-52.598422309027775 -52.8537265625 -52.60100654031144
-52.53854774305555 -52.78891796875 -52.55351952792836
-52.517125434027776 -52.79525390625 -52.57647263181221
-52.490094184027775 -52.81903125 -52.541551239636476
-52.45764800347222 -52.8134453125 -52.52978871515124
-52.43941102430556 -52.78453125 -52.52758421309372
-52.396891493055556 -52.77170703125 -52.501248254952095
-52.375383246527775 -52.76350390625 -52.5072974973332
-52.36065190972222 -52.73416796875 -52.49904216621777
-52.32357465277778 -52.7291328125 -52.47413681223047
-52.30636067708333 -52.73951171875 -52.488164873929485
-52.27727256944444 -52.7170546875 -52.45312680910813
-52.26851475694444 -52.7086328125 -52.46070175245042
-52.23468923611111 -52.68098046875 -52.429233873550814
-52.21867317708333 -52.713640625 -52.46112696700472
-52.206768663194445 -52.66367578125 -52.439977202864966
-52.188746961805556 -52.68704296875 -52.44083587676142
-52.17769748263889 -52.68282421875 -52.434182896442614
-52.140471354166664 -52.641 -52.41314875210687
-52.14123480902778 -52.65926953125 -52.43992292962107
-52.124627170138886 -52.67746875 -52.42174925215622
-52.11038498263889 -52.67327734375 -52.42661142302903
-52.09523654513889 -52.68455859375 -52.419070674796146
-52.08211979166666 -52.670953125 -52.43022870507718
-52.07205295138889 -52.6735078125 -52.434491260406226
-52.05276171875 -52.63088671875 -52.41347605239082
-52.044614583333335 -52.64757421875 -52.41029836878948
-52.028412760416664 -52.63058203125 -52.39840653755922
-52.01784548611111 -52.60409765625 -52.40046975123755
-52.00289713541667 -52.6135546875 -52.399516707143235
-51.984578125 -52.5934453125 -52.384749698916956
-51.978163628472224 -52.61536328125 -52.39760750491603
-51.96936545138889 -52.59852734375 -52.37986914038774
-51.96287456597222 -52.61490625 -52.39635491996743
-51.95254861111111 -52.60262890625 -52.39701396916188
-51.93923220486111 -52.60028125 -52.412794582118565
-51.92600911458333 -52.56731640625 -52.37371677884323
-51.91617013888889 -52.59375 -52.37983322514273
-51.90584939236111 -52.6097734375 -52.386622837611604
-51.898099826388886 -52.58975390625 -52.39102502049927
-51.885860677083336 -52.60474609375 -52.378791653380105
-51.87680685763889 -52.57934765625 -52.383084133137075
-51.87292621527778 -52.56941796875 -52.3705640965231
-51.86373220486111 -52.5739609375 -52.36705131271258
-51.860013020833335 -52.5827109375 -52.38011847107705
-51.849720052083335 -52.56890234375 -52.36940454718439
-51.84519357638889 -52.57262109375 -52.3736635436122
-51.83435373263889 -52.5582265625 -52.37002996476213
-51.828176649305554 -52.56019921875 -52.36952893078269
-51.81903211805555 -52.5697734375 -52.37023937644254
-51.81589887152778 -52.560640625 -52.368378174895795
-51.80569053819445 -52.57448828125 -52.37018347203558
-51.802205729166666 -52.56237109375 -52.374392821791105
-51.79523524305556 -52.56003515625 -52.37124260104432
-51.789438368055556 -52.57722265625 -52.365745967053115
-51.78111154513889 -52.55068359375 -52.35802679923811
-51.77280859375 -52.572 -52.36170450846354
-51.769713975694444 -52.5551640625 -52.36224347439869
-51.7638359375 -52.566453125 -52.360773766817
-51.758203125 -52.55566015625 -52.37073222494913
-51.75067751736111 -52.5597734375 -52.366681513216335
-51.749109375 -52.56887890625 -52.37563564941881
-51.742891927083335 -52.56681640625 -52.370848423074584
-51.73727083333333 -52.5541875 -52.3695437447091
-51.731958767361114 -52.5656875 -52.366025088711545
-51.728253038194445 -52.57406640625 -52.37084263986007
-51.72395182291667 -52.56362890625 -52.367892903883096
-51.71887673611111 -52.566421875 -52.37195568622259
-51.714547743055554 -52.5592890625 -52.37323348005497
-51.71237760416667 -52.5747109375 -52.37513678043762
-51.70783420138889 -52.568765625 -52.3695328307453
-51.70522699652778 -52.57073828125 -52.37279460821717
-51.702192708333335 -52.567234375 -52.3730916874981
-51.69861111111111 -52.56334765625 -52.36859970166917
-51.69312934027778 -52.56611328125 -52.37605877311862
-51.690404513888886 -52.5637421875 -52.370125417459114
-51.687311631944446 -52.569515625 -52.37039157878553
-51.683861979166664 -52.560453125 -52.37389966188066
-51.6817265625 -52.56948828125 -52.37914656480617
-51.67837890625 -52.568453125 -52.37793478859177
-51.67554123263889 -52.57448828125 -52.380725204423285
-51.67343272569445 -52.57455859375 -52.3796415486535
-51.67132465277778 -52.5715859375 -52.379683662318165
-51.66928819444445 -52.56771484375 -52.37623391554585
-51.66663237847222 -52.56690625 -52.37578230580737
-51.66485677083333 -52.5687421875 -52.37631056538129
-51.66291493055556 -52.5741484375 -52.37808568600431
-51.66127126736111 -52.5747578125 -52.38032548049912
-51.637567708333336 -52.59558203125 -52.40659877232143
-51.62199435763889 -52.61295703125 -52.42717361079477
-51.60980642361111 -52.62692578125 -52.44322004401649
-51.59973003472222 -52.6384765625 -52.456087414562646
-51.591020399305556 -52.6482578125 -52.466762665061836
