-2.364258856345819 -2.467132027207766 -2.1894013084135517
-2.351589729463795 -2.459585001163614 -2.171764568361051
-2.349164397083765 -2.4553670233087765 -2.161758438566522
-2.336910367692494 -2.4452643942280825 -2.180547581474731
-2.337048202110328 -2.4399181873200617 -2.1533890898929204
-2.3374161577615538 -2.439310757669648 -2.157662995733633
-2.3394754500152177 -2.4533937423276044 -2.1651396356210775
-2.336019185680097 -2.4370051268182205 -2.155299637829553
-2.3366981694273794 -2.439804435105663 -2.1526770407166915
-2.3434687011751287 -2.4465186763469666 -2.153236749512906
-2.3313500640091678 -2.435093031228023 -2.183828294023119
-2.337223505848313 -2.4360303732669415 -2.1542711356425897
-2.335547741527594 -2.443704592934293 -2.1618252005158975
-2.3340949962217663 -2.4378930416328504 -2.1843632155265476
-2.3296762945184786 -2.4380948497917663 -2.162500426050011
-2.330887141434352 -2.4329464345632976 -2.153633048922834
-2.3317950358250052 -2.4323643271289623 -2.174629285853575
-2.333525013701764 -2.4379476442900896 -2.1715608361350194
-2.3270551414075427 -2.4370952002004636 -2.167238850375986
-2.3414207312594915 -2.4375495345348055 -2.1599626905910276
-2.3381189269592504 -2.444768846523051 -2.159449302074207
-2.3438210791220597 -2.4390374009897977 -2.161027549336591
-2.3363171372348925 -2.4440019565098803 -2.1545933721949146
-2.325611750044769 -2.4263147794961415 -2.1596280562453063
-2.3467464841429138 -2.441466920300491 -2.149358938787649
-2.3301168381234487 -2.432839209894368 -2.155163796847342
-2.322403441116641 -2.426139305338182 -2.156825904371469
-2.3276817925547255 -2.43132374624033 -2.1418114532440145
-2.3269250036580695 -2.433860652718736 -2.1522384117540074
-2.330169746872215 -2.4315817820443186 -2.156538063936557
-2.3324993335112225 -2.435700887054491 -2.1604506226197073
-2.327309076559871 -2.427209405817128 -2.164711761802004
-2.3303491073746336 -2.429884522109842 -2.1436207479510485
-2.325565380922277 -2.4233125930106243 -2.151907897783339
-2.324920983040526 -2.428227016123019 -2.157505785025781
-2.3243395636305855 -2.4257224806286732 -2.161303231631238
-2.330075138516442 -2.431463820191625 -2.161757152995537
-2.324894021316405 -2.428226274147442 -2.149955350308097
-2.3360389794369856 -2.4395724788234037 -2.1595925046418496
-2.3264168466347237 -2.4303100665653883 -2.1766608346124148
-2.3254890378348723 -2.432564685062886 -2.152321540397084
-2.321605808702115 -2.4233454269629164 -2.155988519663395
-2.321166460097261 -2.42404170972169 -2.152522862122953
-2.3363161266023496 -2.437148334236622 -2.133590837930716
-2.3203888078406627 -2.4214502097840898 -2.146826026075099
-2.3225389018019698 -2.42538714446002 -2.155354304935028
-2.3273166586763208 -2.433670998242413 -2.150140462926385
-2.322878498060193 -2.4309619994203513 -2.16189375091496
-2.3198899281664893 -2.421476651095563 -2.143939685671477
-2.31737291019898 -2.419677415509463 -2.150703464443123
-2.3230506295914033 -2.4231562691809883 -2.1473820571342843
-2.3150771956789793 -2.417257336458281 -2.1569357894790513
-2.3236752289715117 -2.4218057571221805 -2.13871456643335
-2.323349951024381 -2.4253753035109353 -2.15646670055976
-2.3267770114003365 -2.421961823406575 -2.1474533690009365
-2.3189895420096915 -2.420059821137037 -2.1405472502383085
-2.3196522383730867 -2.420536488323046 -2.155234844178844
-2.323678414734726 -2.426571736062927 -2.1457276621630155
-2.3217228834667663 -2.420551107081523 -2.159807874231853
-2.3218380467734896 -2.422872672011769 -2.147916294163925
-2.3160919493795187 -2.4195510343801803 -2.144056725450859
-2.3237056848678384 -2.4262166915512604 -2.146538254611398
-2.3178563348546333 -2.418923825868413 -2.1518025215595276
-2.318701273819423 -2.417969001413212 -2.1499385483973255
-2.3246367207780434 -2.4212289845535646 -2.1375622617961376
-2.316282710847312 -2.4147281777992275 -2.149011637311588
-2.3160900596118927 -2.4144819430861317 -2.1344105219196443
-2.3177729112390297 -2.417117789861528 -2.1411127949593114
-2.3136118733866753 -2.415997026554337 -2.140076853048646
-2.3174523590666074 -2.4183353595194217 -2.135115735088529
-2.3163297672812715 -2.4141932410023013 -2.1401440288252864
-2.3179488975437295 -2.4176312063007046 -2.1440156037673437
-2.3151342791332 -2.416671733767095 -2.1448627579418518
-2.3133103971576854 -2.4128768107638017 -2.138644624387326
-2.3201293335272735 -2.4168970061371313 -2.133753314459551
-2.3162872271750343 -2.4139936802322204 -2.143814139733787
-2.314380762083147 -2.4109812042010974 -2.1406851428957765
-2.3179485586327493 -2.412708063442272 -2.1470050421621885
-2.31560347495026 -2.414770553189519 -2.149215345965181
-2.3138707857856593 -2.4149612225167343 -2.1374707762868668
-2.315984407502919 -2.415055275586163 -2.1394271612678915
-2.2911762057671825 -2.4136665609831813 -2.1521132019418383
-2.2855673232617737 -2.421272062061241 -2.16633470066285
-2.2827254286177343 -2.426196541702118 -2.1749622334603194
-2.2808855642782144 -2.429227064296243 -2.1801541731808083
-2.279531761321774 -2.431275481035644 -2.1835424629203786
