-10.884958245552435 -11.157242801966293 -11.011894165496255
-10.856511908941947 -11.150289238061799 -10.993944946746256
-10.836651758544008 -11.146587846734551 -10.976497322682585
-10.792112330290262 -11.118347963483146 -10.93682957338483
-10.782771798923221 -11.063197803283005 -10.93373354108146
-10.759146901334269 -11.088168780723315 -10.893074013927903
-10.67052026275749 -10.96210663184691 -10.785933842462546
-10.686501931179775 -10.988532029055477 -10.802490197799626
-10.659031703534644 -10.976514220505617 -10.78881173923221
-10.678806106624531 -10.986477187938904 -10.797600728581461
-10.680494718515918 -10.992540104898174 -10.781047957631086
-10.667114905196629 -10.991897329266152 -10.784134260884832
-10.692054248595506 -11.016682320926966 -10.829131920060862
-10.65852026275749 -10.992313301000703 -10.811114524812734
-10.627782566713483 -10.941482783971209 -10.749894224016854
-10.61870539267322 -10.945163053019662 -10.745571014747192
-10.653197053487828 -10.971819588307584 -10.76953593164794
-10.617164574555243 -10.946395332250702 -10.743179424157303
-10.618467886821161 -10.967408104371488 -10.745678180594568
-10.615710601006555 -10.951808505969101 -10.75969130383895
-10.626029391970974 -10.945483727615871 -10.763329163740636
-10.617258544007491 -10.964662153265449 -10.766049054892322
-10.610985750234082 -10.931691757373596 -10.74716167778558
-10.620845008192884 -10.940865519662921 -10.744109097027154
-10.59333595213015 -10.925353263254916 -10.740379871839888
-10.617098987593632 -10.941198648174158 -10.75532259480337
-10.580533078768726 -10.933389988588484 -10.713764410697566
-10.604873873478464 -10.93920991704705 -10.741203768726592
-10.586927610018726 -10.931069171348314 -10.738731566011236
-10.575701647354869 -10.928087418802669 -10.725491719335206
-10.580329544124531 -10.939970209357444 -10.740117699555244
-10.54650627633427 -10.88646210059691 -10.693820517322097
-10.559357356039326 -10.89120056838132 -10.692943439840825
-10.561781542602997 -10.906734605424859 -10.709334401334269
-10.571962254213483 -10.904379608497191 -10.713513064723783
-10.56080622366573 -10.918500263342697 -10.711414954939139
-10.582438802083333 -10.945403682408708 -10.74946329295412
-10.579332543305243 -10.939275917310393 -10.730123990519663
-10.544776890215356 -10.88695833699087 -10.68193593457397
-10.536245142790262 -10.872276487886236 -10.705691932935393
-10.557161004798688 -10.901875822945927 -10.721484448150749
-10.55021257607678 -10.920490366046348 -10.706602147705993
-10.53625231156367 -10.87929413184691 -10.678726152855806
-10.541853186446628 -10.894580571892556 -10.679648510650749
-10.524837341994383 -10.855095242275281 -10.678661268141386
-10.54268837780899 -10.880255881320224 -10.702366207279962
-10.525862915496255 -10.87995638386587 -10.691121913038389
-10.524562031835206 -10.872681432145365 -10.67722349016854
-10.527185788272472 -10.878496313202247 -10.680075272120787
-10.538288696746255 -10.884818183813202 -10.694499502574907
-10.511560378628277 -10.859005552141854 -10.67103515625
-10.521752838249064 -10.89394437982795 -10.69122732326779
-10.515145613881087 -10.882904285902388 -10.668636031132959
-10.508048689138576 -10.863793780723315 -10.681329880617978
-10.508977923103933 -10.868602966994382 -10.66264688670412
-10.498021433169475 -10.863978120610955 -10.661001726357679
-10.491255398525281 -10.857581307057584 -10.651935715121724
-10.505589624297754 -10.859325952422752 -10.668405752574907
-10.495115329470973 -10.852797632110253 -10.654342594218164
-10.49164527738764 -10.856182902475421 -10.64505939840824
-10.49651710264513 -10.843919471997893 -10.6494376170412
-10.501719320575843 -10.86037965238764 -10.663760460557116
-10.482059120435393 -10.833248771067415 -10.637980819873595
-10.479801439606742 -10.850197507022472 -10.641306326076778
-10.482787599485018 -10.83114104195927 -10.64006086142322
-10.484840253394195 -10.852384787570225 -10.657714990051499
-10.477746430243446 -10.844132285814606 -10.64234382315075
-10.471750555945693 -10.822923981741573 -10.630674084152622
-10.473073238529963 -10.837262497805478 -10.648733760533707
-10.470363471441948 -10.828921282478932 -10.63081102235487
-10.462220886001873 -10.823064321453652 -10.632541110720974
-10.463166066830524 -10.83428891985604 -10.637170455875468
-10.462560437148877 -10.814288151773175 -10.62032808110955
-10.46642423045412 -10.813388562148877 -10.622293275983147
-10.469844188904494 -10.832017753686797 -10.629338205173221
-10.459970725070225 -10.821570290554776 -10.623645833333333
-10.46205392673221 -10.820814058110955 -10.630844818000936
-10.457771959854869 -10.82211453212781 -10.615369777036516
-10.452526509831461 -10.804562357356039 -10.612986818235019
-10.453970549508426 -10.813716204353932 -10.620687178136704
-10.449106083216293 -10.805446256144663 -10.6124765917603
-10.449514571629214 -10.811807957338484 -10.611299596207866
-10.445364963717228 -10.80713285639045 -10.610067518141387
-10.446371752106742 -10.805647219540027 -10.604676307935394
-10.44479301264045 -10.800689464097612 -10.610507958801499
-10.443118913857678 -10.79871977045295 -10.605206577715355
-10.441727411048689 -10.8041015625 -10.609862330290262
-10.437148861774345 -10.798010994557584 -10.601861467111423
-10.44165926381086 -10.795492066801264 -10.602269282537453
-10.435011133544007 -10.797402837517556 -10.603502969920411
-10.438977908473783 -10.798823626228932 -10.600727996254681
-10.433512055243446 -10.791574569873596 -10.59816318469101
-10.431335030430711 -10.792926121400983 -10.599244279611423
-10.435723972963483 -10.800934427668539 -10.60282186329588
-10.429953651685393 -10.793875526685394 -10.598030196629214
-10.427718179424158 -10.79321442679073 -10.591645160346442
-10.42735709269663 -10.78644377633427 -10.593696673103933
-10.427556530898876 -10.78950897559691 -10.59495464653558
-10.42347896184457 -10.78300567284059 -10.589786399812734
-10.42294686329588 -10.787978954529494 -10.591155562382959
-10.360482970505618 -10.788174815660112 -10.594586259363297
-10.343572887406367 -10.810392709796348 -10.620838673338016
-10.335367875117042 -10.828976968486657 -10.641856200257491
-10.33015156835206 -10.842600893170646 -10.656042617626404
-10.325960469335206 -10.851950162394663 -10.665017336727528
