-6.1529061761659944 -6.1704061839287325 -6.1696409152954175
-6.138014218184965 -6.156408930562617 -6.154887321129752
-6.132614252542952 -6.15318153266837 -6.152755929267141
-6.1318160643998265 -6.149247375854401 -6.153434075787887
-6.130705266709105 -6.150461397685876 -6.149348611945422
-6.123643431711274 -6.140034268059077 -6.141835298917124
-6.1432391766842604 -6.161527429934287 -6.161572923482687
-6.128878509451718 -6.1450549930167595 -6.144350494172638
-6.128208325728469 -6.145501401475169 -6.145733000957372
-6.123644944359745 -6.140951937125093 -6.144112374831052
-6.116606093238331 -6.137058559457302 -6.138365883181906
-6.129397961316585 -6.14890515283481 -6.149733261753948
-6.120887117190826 -6.140309992409347 -6.140860621996482
-6.125509215299184 -6.144918438187865 -6.146279047978525
-6.112024731884609 -6.127869474149139 -6.1332013399848755
-6.130274073901799 -6.147468630729797 -6.1523562702469325
-6.1212913798271735 -6.144569628154526 -6.141708663407492
-6.121352706199681 -6.137453528869423 -6.14001449968624
-6.119909347086146 -6.14081594797486 -6.141475563897172
-6.109392831653264 -6.130667534509918 -6.129262909430511
-6.1162016780800865 -6.132947609205648 -6.135401735671608
-6.114196700663786 -6.135024366419786 -6.137192868453939
-6.1166071407788225 -6.13731096527608 -6.137077051979641
-6.110310819879136 -6.1249953488643385 -6.12829988120012
-6.119343797573423 -6.137355842449894 -6.140168832261542
-6.11316080798444 -6.130039480347971 -6.133237853181584
-6.113695143304612 -6.132387197640984 -6.130996796023556
-6.109457139745026 -6.130675579717549 -6.131068003880438
-6.101131665032526 -6.117245287217935 -6.121312100089569
-6.1018620278619355 -6.117720029891969 -6.121206666872265
-6.103752007121103 -6.120612747148779 -6.124337910235026
-6.101642521199135 -6.119224596854646 -6.122015312245237
-6.098714433502974 -6.115039731257884 -6.121287394809813
-6.107381856439124 -6.129232596305158 -6.129749313481507
-6.100996080609652 -6.12016359829152 -6.123102663007916
-6.0942483359626545 -6.113531933641519 -6.113166564873316
-6.102401564849172 -6.118936402432549 -6.119245178280271
-6.099188415406248 -6.1220012745620185 -6.119964740504055
-6.09114016180944 -6.110680397791269 -6.111283683989638
-6.11100908103969 -6.128339414839868 -6.128648537393804
-6.098048359490582 -6.114385228475851 -6.115710663965288
-6.10083477026837 -6.118587240421376 -6.120880109668647
-6.101033678932976 -6.1175343741552535 -6.1214076780121
-6.095429911355213 -6.112653635810346 -6.1172169820807945
-6.097615077468519 -6.113254059712336 -6.117428937961255
-6.092480994363917 -6.109507884202913 -6.109746308287029
-6.0860646906904226 -6.10489986582605 -6.105575105056102
-6.089299081740419 -6.109817536702237 -6.110156618735519
-6.094988346220975 -6.111573453550189 -6.117718738937935
-6.099299947461403 -6.116984484213694 -6.117880437843259
-6.092038003736579 -6.109204102191032 -6.1086558986956145
-6.0862129176699815 -6.105530848946399 -6.106433043663649
-6.088198115845737 -6.105007244206646 -6.107135660814276
-6.082275119940537 -6.103076444657821 -6.103708347971016
-6.086102878150519 -6.104494487926557 -6.105525870483995
-6.083326998087784 -6.1010505230994 -6.103418228540933
-6.0863198757443335 -6.105462112703704 -6.107100019174247
-6.086160904351461 -6.103871034617724 -6.105008626735068
-6.0843690653898035 -6.101026651459883 -6.104071125058998
-6.084950020452013 -6.101990203350668 -6.104075273333583
-6.082272392983129 -6.101402425509423 -6.103571312443684
-6.084962126667966 -6.1022516348867555 -6.102665530402579
-6.08266592042452 -6.100530375284801 -6.103006811885888
-6.08151827193537 -6.099657759381516 -6.099743184091543
-6.083986962844031 -6.102319390619771 -6.103594450597486
-6.0797419105939845 -6.097578550893179 -6.098774247712499
-6.078962690476048 -6.097812100756571 -6.09890038040097
-6.078307041586627 -6.095879817872589 -6.100593597142367
-6.079524136982173 -6.0983904506201245 -6.098594036608063
-6.078349006896752 -6.096308401167843 -6.099821892364091
-6.080210964028754 -6.099476729639188 -6.098166295025959
-6.079909622664719 -6.096501347873973 -6.097317222831567
-6.0726554458241155 -6.089927671572098 -6.091525586222432
-6.076351432658613 -6.094116358642484 -6.0953199501335495
-6.074129108188989 -6.091575242100411 -6.092511048656998
-6.076446199037708 -6.093061682204644 -6.095842951184781
-6.072973970204342 -6.090577523218469 -6.093703220871235
-6.069959991730162 -6.0869673997124645 -6.090316619781387
-6.070857697896053 -6.08919034086338 -6.091037439058075
-6.0717661426090315 -6.089296298762004 -6.091965378751716
-6.072432337298089 -6.091233496765022 -6.092254450637712
-6.071477417822678 -6.089409698477686 -6.092322834315734
-6.07328136719045 -6.089974912025655 -6.091685751523213
-6.071415333030855 -6.089113169723309 -6.090014323698833
-6.070861581338164 -6.088754755723361 -6.091794427937012
-6.06879326208145 -6.086862409752883 -6.088470193431949
-6.0716060340062015 -6.090439283924227 -6.091521069212328
-6.069175452620625 -6.08625823980109 -6.088010564607826
-6.068781497782714 -6.086382249134336 -6.089472877491311
-6.0669698058336605 -6.084948618275815 -6.087048961037394
-6.0679615685652095 -6.08567562849162 -6.087683328595641
-6.066469655530875 -6.083471153606345 -6.085731058391616
-6.067398381465802 -6.0844035554588345 -6.086832823360937
-6.066313362489531 -6.083853967212561 -6.086295181833541
-6.0660005048843475 -6.083530172746698 -6.085737427459667
-6.064797645145065 -6.082369676687241 -6.084275726341929
-6.065366902113096 -6.083755011158703 -6.085798369384493
-6.065455679074677 -6.083586753183488 -6.08462275674719
-6.065067181503711 -6.083296773730949 -6.084703736095319
-6.063838212865216 -6.081777247710334 -6.083759890492256
-6.056321937203458 -6.07541714652978 -6.0775315704646875
-6.053814306281612 -6.0734236572146205 -6.075654631251073
-6.052303507349262 -6.072312174068526 -6.074628012904403
-6.05127361749595 -6.071588293941315 -6.073952497814404
-6.050490894402609 -6.071082388658349 -6.073459850400648
-6.0498807699468875 -6.070692661201825 -6.073064968181477
-6.0493717306345065 -6.070354146520126 -6.0727127838593065
-6.048936719751616 -6.070058095449952 -6.072400406212456
-6.048556218685746 -6.069802861237868 -6.072129117434888
-6.04820911740091 -6.069549311491131 -6.071862814967176
-6.04790200366975 -6.069335799222994 -6.071639981388913
-6.047618623854 -6.069117711243017 -6.0714167287930145
-6.0473621029764555 -6.0689231680659965 -6.071219019512143
-6.047117565962133 -6.068754671248681 -6.071047817286858
-6.046888504892017 -6.068591856359254 -6.070881844401656
-6.046655039961675 -6.06843572904867 -6.070708128070561
-6.0463788655484425 -6.068259300159456 -6.070464419033725
-6.046013176705124 -6.068039791697506 -6.070100267567901
-6.045689986160532 -6.06784363947896 -6.069767969822685
-6.045425228262593 -6.067685664284749 -6.069542672420728
-6.045215462888332 -6.067554125139987 -6.06937018800148
-6.045027912914785 -6.067439832909082 -6.069218931015619
-6.0448637884607255 -6.0673373570768865 -6.069083965435403
-6.044725167008458 -6.067264434812096 -6.068983644233245
-6.044618202229847 -6.067199004646912 -6.068897913225135
-6.044513601540618 -6.067130243262943 -6.068818400438729
-6.044415684159723 -6.0670831662276665 -6.06876536956685
-6.0443284919173985 -6.067013286057011 -6.068696348982022
-6.0442513200284 -6.06695078485023 -6.068636312135287
-6.044170384535923 -6.066899496651585 -6.068592055492684
-6.044085832095638 -6.066830483854877 -6.0685306945502235
-6.043999323687746 -6.066764261739567 -6.068474789217369
-6.043924585444818 -6.066701999374887 -6.068422110320304
-6.043857492571413 -6.066641170062817 -6.068373160680189
-6.043790747481451 -6.066570246529297 -6.068318017959431
-6.043715771237323 -6.066510485721365 -6.0682731746921394
-6.04365408534892 -6.0664438236337626 -6.068224342376963
-6.043580326765859 -6.066390209867286 -6.068190284623594
-6.0435160136459025 -6.066328550893179 -6.068149011386553
-6.043463342471954 -6.066270260849767 -6.068111852902686
-6.043411169927278 -6.066234271116256 -6.068097346512165
-6.043359550483983 -6.066188513997857 -6.068073035108985
-6.043311766714952 -6.066144101937608 -6.068048623141573
-6.043267121377233 -6.0660937188248205 -6.068017356045654
-6.0432339813862415 -6.066055881207682 -6.06799710073318
-6.043192793770177 -6.066017741895258 -6.067974163707843
-6.043145164199106 -6.065978370660415 -6.067949022649747
-6.043101744902779 -6.065947836583329 -6.067929144453145
-6.043066609556659 -6.065916271714015 -6.067906877856024
-6.043031535386904 -6.065878811215985 -6.067877420916288
-6.042999031462498 -6.065839364557321 -6.067843203936218
-6.0429590799442146 -6.065815819754364 -6.067822211152707
-6.042925207512911 -6.065786957571989 -6.067794757117266
-6.0428973798092604 -6.065771407694115 -6.067778348386682
-6.042867019571717 -6.0657564737774505 -6.0677611519029435
-6.042833607220198 -6.0657257134288995 -6.067727094149575
-6.042802358668317 -6.065709308747715 -6.067705958900069
-6.042769792729516 -6.0656898871136695 -6.067681672637947
-6.04274484869533 -6.065673117884014 -6.067658492582383
-6.042713825574164 -6.06565805826098 -6.067636561199369
-6.042689028195647 -6.0656434260396015 -6.067616004194199
-6.042663235234647 -6.065629610909624 -6.0675938130202525
-6.042636510381626 -6.0656104784002265 -6.06756672772033
-6.042611519417626 -6.065589862555673 -6.067539164740303
-6.042584686458427 -6.065573395021303 -6.067515230452995
-6.042562662129099 -6.065562709979919 -6.067497078609049
-6.042537018337865 -6.065548643437202 -6.067474535460289
-6.042517992488441 -6.065535733393083 -6.067454481276281
-6.0424952608597735 -6.065519441847631 -6.067430597271089
-6.042475402006151 -6.065513294806175 -6.067417540681584
-6.042451978162727 -6.065499127698363 -6.067396237825023
-6.04242164139009 -6.065481000839919 -6.067369169285806
-6.042395832506474 -6.065461164374855 -6.067343860620656
-6.042372783263531 -6.06544802805927 -6.067323102487021
-6.042351348070976 -6.065443728901443 -6.0673116381645285
-6.042334571500494 -6.065421943987656 -6.067282306930083
-6.042310809091984 -6.06541494214289 -6.067267666453917
-6.042284100161578 -6.065406016990674 -6.0672531181616325
-6.042259795546109 -6.065394728558717 -6.0672339690557155
-6.042246785093203 -6.0653849737444645 -6.067218373219343
-6.0422200166624975 -6.065374602969003 -6.067201813642409
-6.04220739086646 -6.065358311423552 -6.06717812238533
-6.042184204186204 -6.065347148697963 -6.067159509621986
-6.042159268532342 -6.06533176223837 -6.067138910715052
-6.042139950209613 -6.065319820133293 -6.067118621881168
-6.042118572841293 -6.065312717723431 -6.06710577480048
-6.042105646191627 -6.065298412338613 -6.067084991525787
-6.042084236978076 -6.065284974327742 -6.067064887059662
-6.042070737952286 -6.065281027147749 -6.067054897679245
-6.042048389304422 -6.065270241541269 -6.067037969366794
-6.0420262308899115 -6.06525936794033 -6.067020622036707
-6.042012641356623 -6.06524694815105 -6.0670025791373465
-6.041994981499999 -6.065237168195524 -6.066986472099459
-6.04197393683054 -6.065223503913189 -6.066966308970866
-6.0419521974322254 -6.06520184470577 -6.066940598048785
-6.041923126088504 -6.065181455132682 -6.066912842320647
-6.0419023319907295 -6.065159707930805 -6.0668868967486915
-6.0418749241413074 -6.065137382479629 -6.066860607582275
-6.041850681540235 -6.065121543477106 -6.0668411484033085
-6.041812453016552 -6.065097319859756 -6.066813023939651
