-10.31563499416736 -10.494282219096426 -10.6846876953125
-10.031421572620877 -10.219563951404817 -10.4029046875
-9.980256643451098 -10.172273800351205 -10.3504943359375
-9.99448519655837 -10.177519725367928 -10.3552109375
-9.944132654212027 -10.157054469490635 -10.3078693359375
-9.934115234574021 -10.130528777236238 -10.2874373046875
-9.93148648329498 -10.127744118226778 -10.2824634765625
-9.908958625009554 -10.109184727100057 -10.262652734375
-9.883827689144178 -10.093496601443043 -10.243272265625
-9.86131401109953 -10.052996471533353 -10.20731015625
-9.861406157786972 -10.0653555493836 -10.202522265625
-9.820324822712161 -10.008971458691704 -10.1482947265625
-9.817123239460914 -10.001613343965023 -10.152182421875
-9.793567935659455 -9.9714675016724 -10.134676171875
-9.787877197721714 -9.986139718618597 -10.144499609375
-9.761737590647396 -9.945439796564411 -10.12139921875
-9.751990408252947 -9.931019074326262 -10.1059130859375
-9.752909536631526 -9.943421866040712 -10.114520703125
-9.738147292333608 -9.930059683796827 -10.0882056640625
-9.723117132702907 -9.902106664815081 -10.06943984375
-9.71883637508067 -9.90942939035025 -10.07936796875
-9.715693569342074 -9.91062717262758 -10.072366015625
-9.706702218658716 -9.908204804866687 -10.0783029296875
-9.694225182356238 -9.889820829152331 -10.0484939453125
-9.69196825191697 -9.876326236083237 -10.0424501953125
-9.686712125920273 -9.877733591062213 -10.031430859375
-9.691559661961636 -9.877146384329606 -10.0444349609375
-9.681406045671853 -9.889994042072821 -10.0266837890625
-9.670885849426607 -9.867510557028861 -10.01910078125
-9.674760670705819 -9.860306243429855 -10.020529296875
-9.676668037478558 -9.873190447606078 -10.024789453125
-9.673749180033797 -9.861193586343655 -10.02755
-9.673523689327808 -9.866599621320718 -10.023741015625
-9.661794241953187 -9.853251437965882 -10.0125802734375
-9.659478467660957 -9.850642530342125 -10.0229533203125
-9.664249463572272 -9.865275139764908 -10.011646875
-9.654308733330007 -9.851353935218368 -10.0062330078125
-9.650758050794385 -9.846791155987194 -9.996696875
-9.65311576874618 -9.84755344215883 -10.0043220703125
-9.652791994874283 -9.836763135810875 -9.9858685546875
-9.657280646435881 -9.853920883505351 -10.013694921875
-9.64780653733314 -9.83133261211057 -9.9950564453125
-9.640959222470364 -9.843469798236812 -10.003107421875
-9.637392966547502 -9.826207600164851 -9.9814255859375
-9.634293746391087 -9.817528587597955 -9.9887654296875
-9.632220081051935 -9.823422717173164 -9.9860673828125
-9.63177152106119 -9.829275932661984 -9.979133203125
-9.629116084393363 -9.825522625191132 -9.994153515625
-9.622163305026366 -9.826070187069954 -9.97991484375
-9.62728190756513 -9.83218997873662 -9.986592578125
-9.62537702855393 -9.823054639717125 -9.982155859375
-9.618669758080781 -9.82512068908878 -9.9848275390625
-9.615099438814068 -9.812463154924025 -9.9795630859375
-9.621512523192571 -9.819499519184824 -9.978444921875
-9.614973508324912 -9.806198670740157 -9.9583466796875
-9.615209679820445 -9.80937361877628 -9.9678625
-9.610065320657204 -9.810013685313933 -9.9661669921875
-9.608508297049609 -9.810334017225726 -9.9645349609375
-9.610553203865358 -9.806373638188074 -9.9814533203125
-9.607573761134557 -9.795577358980792 -9.96259921875
-9.606349483925477 -9.80880825031059 -9.9689205078125
-9.604898173598256 -9.809340656058868 -9.9689220703125
-9.604700562406594 -9.809119996237099 -9.9637376953125
-9.605260723380022 -9.802639929161888 -9.965496875
-9.60032535277122 -9.801234963326644 -9.955998828125
-9.600415426324046 -9.80338649924742 -9.968476171875
-9.595568255154376 -9.79898073155581 -9.95755625
-9.599432710760505 -9.799423320431957 -9.965784375
-9.595770559922812 -9.788451401830084 -9.96074921875
-9.599193852482507 -9.792154462621847 -9.9523498046875
-9.594567694048054 -9.79539373088685 -9.9509431640625
-9.593491123534145 -9.795940172854548 -9.952641796875
-9.591485755541804 -9.780711696053135 -9.949658203125
-9.58995342711376 -9.79344064321722 -9.950391015625
-9.593673907667029 -9.786525677322247 -9.9481267578125
-9.58860292088414 -9.78896010279291 -9.941267578125
-9.5916034598328 -9.788058126373757 -9.947607421875
-9.588211197952049 -9.785196678791571 -9.952044140625
-9.585574170719617 -9.77478255059012 -9.94728203125
-9.58753653360747 -9.780891591109997 -9.9468544921875
-9.583568653461585 -9.774306737683965 -9.9367484375
-9.585696900288925 -9.78323978342412 -9.9456041015625
-9.582410733145316 -9.781188404888187 -9.9428224609375
-9.580414569870674 -9.773957848038513 -9.9412888671875
-9.582985588496909 -9.77477941483897 -9.93876171875
-9.580705339439472 -9.770032522219037 -9.9354361328125
-9.581996172562286 -9.771441445073586 -9.9372857421875
-9.578445755387895 -9.771437637375765 -9.9318580078125
-9.580570220817695 -9.780247567553038 -9.93328671875
-9.578945032543901 -9.779133218654435 -9.938223828125
-9.576390698505062 -9.768744549765865 -9.9341404296875
-9.575349006407944 -9.771349761682913 -9.93128671875
-9.575352356593484 -9.772665358610475 -9.9337140625
-9.573032800903714 -9.765253450819475 -9.9284517578125
-9.574779491451123 -9.770784169234997 -9.9330890625
-9.57225648662261 -9.770730264179567 -9.933658984375
-9.572482955848137 -9.767605077527714 -9.9279814453125
-9.57244253801565 -9.766708737994552 -9.929197265625
-9.570970313906415 -9.76667667120604 -9.930644921875
-9.570883656879436 -9.766428536231365 -9.9284908203125
-9.475857236188478 -9.7565312096832 -9.9258939453125
-9.461021437074361 -9.791462282886563 -9.9629556640625
-9.45483404242277 -9.814362225547114 -9.987335546875
-9.451405077766763 -9.828318968606652 -10.0031421875
-9.44914405081349 -9.83709533878058 -10.0135646484375
