-6.118770845725697 -6.093089762030236 -6.132509908216403
-6.0615460394811045 -6.032641046954683 -6.076245905589704
-6.049614396321303 -6.015828705187689 -6.064076578071886
-6.042606665659184 -6.019651141496074 -6.055181137858274
-6.031121570051295 -6.001295405402469 -6.048409460796266
-6.0283190752754 -5.993555457159829 -6.042314017806271
-6.022282083104799 -5.9941897191103815 -6.038445641290124
-6.020605462714758 -5.997092468516386 -6.037450028880418
-6.017192804977674 -5.986501836091432 -6.031599745025446
-6.015902953068028 -5.988431022407061 -6.033857291354827
-6.016565471753136 -5.986420795438906 -6.024429679653701
-6.013944124764384 -5.983735078786002 -6.034666969101273
-6.013259909384463 -5.983327979670115 -6.03443586163232
-6.007522476448072 -5.970633317985411 -6.025037881028372
-6.011640593616742 -5.9762006183990355 -6.021044472976137
-6.008109101965654 -5.976153533327176 -6.022389340017575
-6.007443113016423 -5.972863435634706 -6.02485247448142
-6.002447441491951 -5.969812809674895 -6.015210164639504
-6.003679264550244 -5.974680257274644 -6.017880000054321
-6.002191818819139 -5.966661618603674 -6.015205109811978
-6.009020664909848 -5.983616432327886 -6.03149425379278
-6.003968292287251 -5.975411094555879 -6.025868287339936
-6.000063822683626 -5.967420327757374 -6.016162452650601
-5.998071740196836 -5.966352962375406 -6.0225984174919365
-6.001449665116494 -5.974015972931516 -6.023265409528546
-5.997335531207512 -5.974992167579392 -6.028731092681696
-5.996625997987609 -5.9708939836596695 -6.015965936799868
-5.999881226438416 -5.972400734255476 -6.020912349592475
-5.992946341146638 -5.962599059747334 -6.00983875024746
-5.996564317814875 -5.9657404037001625 -6.016088931315909
-5.998117457154611 -5.973534086649209 -6.017297846130447
-5.9945511119812585 -5.9613191607267035 -6.013041134375724
-5.993103800609125 -5.961404162863642 -6.014818830454748
-5.9906188802646625 -5.962143375854775 -6.010468132858371
-5.991343109298715 -5.963223191616322 -6.01216491397438
-5.992310679288209 -5.960448058600994 -6.010114955076918
-5.989603088691984 -5.959862947353456 -6.005579152714337
-5.994052027648167 -5.964691232850168 -6.013233538463767
-5.987801206855262 -5.956183945077075 -6.009030241901412
-5.99015163183286 -5.958271930324959 -6.010434597472767
-5.987623438803612 -5.956693561750261 -6.009946674587406
-5.9889814285948795 -5.958727642513836 -6.013202077820805
-5.987226440588112 -5.957088012412349 -6.008492600637844
-5.989203887613173 -5.959979980921491 -6.007615305142585
-5.98625271465183 -5.95563049740851 -6.004424275514959
-5.990053347917697 -5.961188601519037 -6.011498714112234
-5.98672014414089 -5.952498123388242 -6.006892219609472
-5.985510832535072 -5.958929197181416 -6.005540996311032
-5.989762751017783 -5.964525727690731 -6.010994249869631
-5.986026694840786 -5.956589487895514 -6.006235431534398
-5.986593766174448 -5.960590530558211 -6.011879184190069
-5.9850128043693225 -5.956416512508331 -6.009686256663319
-5.984213436572987 -5.953667270623262 -6.006730917799753
-5.984485052636966 -5.947925042376565 -6.005262961935791
-5.983227851386271 -5.9476731485606456 -6.008026990666525
-5.98429458040101 -5.954383931449568 -6.004412977598212
-5.9832768877271185 -5.952465808993973 -6.007019571085059
-5.9831039176928185 -5.953419111921216 -6.005068162463062
-5.984679387427771 -5.949486235086709 -6.002138871050294
-5.981563331656341 -5.951553337652483 -6.006136409726515
-5.983417388159724 -5.957142963860396 -6.006616297699465
-5.98465268148214 -5.956437027338317 -6.010980330232637
-5.982193441092176 -5.950562938253361 -5.999706782280883
-5.981107007012469 -5.949518775851516 -5.999294889282679
-5.982474411781179 -5.955204241685863 -6.005899738175023
-5.981870163357101 -5.953793528790711 -6.002081513846908
-5.98075122949949 -5.955602455758142 -6.004816986574378
-5.9794340681200175 -5.949442828536089 -6.001383249780304
-5.9784027357993175 -5.948889211089621 -6.001848482525688
-5.979612982867638 -5.948414681849791 -6.000731459948867
-5.98135756008204 -5.9522009554647655 -6.000701055538522
-5.979514336837958 -5.951033477712462 -6.00334478691865
-5.9789906890701285 -5.953408613987526 -6.00264354276716
-5.979920840559529 -5.948173908486541 -6.00500725933589
-5.978805286437411 -5.950101085763648 -6.000578758890461
-5.978563906935603 -5.948771385224704 -6.000856378317174
-5.978124511145402 -5.949660540400803 -6.002177046314895
-5.978896599648121 -5.948743286981702 -6.002464152973868
-5.9785657175081885 -5.949127296302735 -5.999772155535383
-5.9769921186982415 -5.947848189578987 -5.999111689507446
-5.977685567998347 -5.9489033592482325 -5.999889736859259
-5.9780494327355385 -5.945859015070845 -5.999339628278546
-5.976320969617143 -5.945461225443324 -5.999890736507987
-5.976776268269885 -5.948716773332464 -6.00073907991275
-5.97627513195453 -5.9478893324242295 -5.999302528107859
-5.976154427115521 -5.946442145576176 -6.000807508697321
-5.976346377985755 -5.946213228369842 -5.998309480834508
-5.9757888121581635 -5.9444262027519414 -5.999612532381074
-5.975857131097043 -5.944542076170969 -5.999276461795764
-5.975874904884587 -5.94673209793876 -5.999846223847681
-5.976014168092593 -5.947569697224878 -5.997941270599554
-5.9756543167912985 -5.946701651101429 -5.999081794352113
-5.975501263055436 -5.945471440413842 -5.998743026601369
-5.975383968128129 -5.945890169316107 -5.9994775798029005
-5.975441152045609 -5.945532532162726 -5.999295568289362
-5.9753642328869505 -5.9460162577056535 -5.999064706017267
-5.975405151827375 -5.946244269429836 -5.99882054653097
-5.975390063722498 -5.945818183485092 -5.999916557623223
-5.97526326328912 -5.944672267526513 -5.998587024816034
-5.9750122274001916 -5.945101749029323 -5.998734406988759
-5.971618097855896 -5.942697439251202 -5.9977337586128225
-5.9702194908863015 -5.941737854541536 -5.997648373522481
-5.969369155471695 -5.941123513198308 -5.997686322451522
-5.968776615417001 -5.94066618811935 -5.997749658685974
-5.9682847130218315 -5.940294091547868 -5.997812429081525
-5.967893297405135 -5.939981841687311 -5.997873520821664
-5.967539300288533 -5.9396947472527675 -5.9979089800595355
-5.96724867321241 -5.939466424269095 -5.997954699842833
-5.966981674108522 -5.939233432393081 -5.9979600941737
-5.966736250994608 -5.939062211377564 -5.997999627451667
-5.96650947677832 -5.938932274688876 -5.998054381796102
-5.9662860521213155 -5.938791387325423 -5.998088652772279
-5.966118966447917 -5.938646934626 -5.998098177727132
-5.96593962923336 -5.938550189517414 -5.998147820660152
-5.965768771533743 -5.938428458760721 -5.998160514312858
-5.965628452158396 -5.93833788224929 -5.998201160407332
-5.965459495559993 -5.938222518163972 -5.998213759753554
-5.965333087417341 -5.938135139136388 -5.9982412595242005
-5.965204838525895 -5.938036752841403 -5.9982680237042745
-5.965076076638882 -5.937961880786031 -5.998305953772018
-5.964960079288595 -5.937881462652483 -5.998337923669992
-5.964847190087911 -5.9377778415388125 -5.998353012707383
-5.964730136570283 -5.937708458968982 -5.998396261660808
-5.964624338778892 -5.937624673573684 -5.998426477458185
-5.9645405696206195 -5.937532597357441 -5.998445414200112
-5.964434832181648 -5.937465478492988 -5.998490341808946
-5.964335371394305 -5.937393124809849 -5.998524178975297
-5.96423373791986 -5.937324704314803 -5.998566560309071
-5.964153921845065 -5.937251614927416 -5.998595135173632
-5.964081981761016 -5.937160331008055 -5.998615448790221
-5.963992901589828 -5.9370863078422 -5.998642363860669
-5.963912451814628 -5.9370136711958885 -5.998677596762979
-5.963819871203109 -5.93694426032974 -5.998707718253873
-5.963740628476299 -5.936872161313456 -5.9987330301140975
-5.96367360711444 -5.936790186882461 -5.998758285390432
-5.963604382889268 -5.9367141829744 -5.998784200812152
-5.963542461306857 -5.936624851500927 -5.998786841393696
-5.9634641842187595 -5.936549979445555 -5.998808116936418
-5.963407181358538 -5.936469589608325 -5.998820791727828
-5.963315113742584 -5.936388379177894 -5.998839351243819
-5.963252075640412 -5.9363165914211 -5.998856326410885
-5.96317805339789 -5.936241945736266 -5.9988706798577045
-5.963128835999783 -5.9361658286429355 -5.998879525805875
-5.963070505386333 -5.936089598364337 -5.998892728713593
-5.963017576314427 -5.936019253719721 -5.99890553553408
-5.962960271692108 -5.935924489353341 -5.9988861838436245
-5.962910390417387 -5.935844552257186 -5.998892087429504
-5.962844183813192 -5.935782102285075 -5.9989053280598155
-5.962788780292087 -5.935701203114134 -5.998899160415782
-5.962752417959335 -5.935646279962405 -5.9989163619184085
-5.962679180298267 -5.935576557836767 -5.998920813184439
-5.962628031622737 -5.935526360170013 -5.998933054166023
-5.962577365766562 -5.935466060718011 -5.998939844232849
-5.962518612686175 -5.935400102002564 -5.9989358833605335
-5.962468610706615 -5.935334765806097 -5.998938542803375
-5.9624244327355385 -5.935281342359179 -5.9989435787696035
-5.9623801038834126 -5.935233125434632 -5.998949727552341
-5.962347362695832 -5.93517913606137 -5.998954782379867
-5.962305176354598 -5.935108961194657 -5.99894093818806
-5.96225982151134 -5.935061281900136 -5.998944220053692
-5.962219143980595 -5.935017648978978 -5.9989476528097
-5.9621632576401336 -5.934973733094648 -5.998956366728793
-5.962119351254944 -5.9349186967576495 -5.998946747467456
-5.962074449054833 -5.934870762796273 -5.998945012228156
-5.962034435400701 -5.934831544100603 -5.998952405856478
-5.96196270655012 -5.9347836950281785 -5.998951330762564
-5.961925076816559 -5.934742580479254 -5.9989591582007105
-5.961874923955952 -5.934703673043072 -5.998962553234124
-5.961838501270781 -5.934658738491322 -5.998959365674975
-5.961797974621083 -5.934603758746958 -5.998951764572388
-5.961733156122536 -5.934569378721531 -5.998960685965747
-5.961692961411146 -5.934508796306357 -5.998953763869843
-5.961642355907391 -5.9344534204135515 -5.9989435976309
-5.961591901284685 -5.934397818150209 -5.998935939944424
-5.96154147683819 -5.934351044337839 -5.9989318281817345
-5.961485650850149 -5.9343043554144215 -5.998932412881934
-5.9614388777250324 -5.9342578645652235 -5.998933318224177
-5.961387246230147 -5.934227106468402 -5.99893844849689
-5.961337063193328 -5.9341904627375985 -5.998946049599477
-5.961281478614965 -5.934142443887271 -5.998930734226524
-5.961238749101956 -5.9341249567632275 -5.998940636407312
-5.961191191395387 -5.934118618388169 -5.9989622703146726
-5.961145987433178 -5.934111006678837 -5.998979264343036
-5.961099606598789 -5.934096518964418 -5.998991976857038
-5.961055670037389 -5.934097565928155 -5.999013742793475
-5.96101049625139 -5.934082427398441 -5.9990236826968575
-5.960966197575474 -5.934094368444309 -5.9990538230490476
-5.960924584582226 -5.9340876905134445 -5.999067063679359
-5.960881251545022 -5.93408661525339 -5.999083982262535
-5.96084380286872 -5.934071787983165 -5.999090734606767
-5.960800530183935 -5.934073683836419 -5.999109501597023
-5.96076335309352 -5.934072297316876 -5.999127589580597
-5.960721679747852 -5.934069920426229 -5.99914122629814
-5.96068302402316 -5.934067571831899 -5.999154806431792
-5.960645756404116 -5.9340652515338865 -5.999175761332471
-5.960606346274179 -5.934061516420013 -5.999190756063379
-5.960544696277656 -5.93405472530388 -5.9992063732170795
-5.960507096720304 -5.934046604260836 -5.999220406021854
-5.960465936370203 -5.934040860108441 -5.999236607875753
-5.9604259830684905 -5.93403760603196 -5.999258864205906
