-27.112371290028573 -27.154190845809996 -27.280137975211805
-23.234399665396104 -23.37206337011256 -23.38266834344486
-21.47246171117459 -21.57205861562904 -21.64317634665781
-19.432118813470673 -19.60077422346241 -19.65109654338383
-19.317717796025978 -19.497662519186235 -19.564513423948164
-19.682165617343614 -19.880035124272943 -19.87578893461014
-20.04747881101735 -20.227954764244938 -20.214143160360425
-20.166872723415313 -20.2646667401578 -20.362339184107555
-19.849653658526208 -20.088703094705945 -20.002537604106834
-18.842777195673495 -18.975484957319043 -19.051092841308876
-18.727723230089836 -18.89465221584177 -18.96809526560705
-19.672018190923296 -19.83422651705892 -19.85130307429279
-19.28689357009176 -19.417747224728025 -19.528723333841903
-19.968859072474263 -20.043227511713702 -20.194204121194716
-18.14247785884157 -18.314401372657258 -18.391083692696366
-18.65961563825443 -18.83036570814035 -18.87821323278647
-18.702044597198956 -18.880598299157153 -18.945680884504235
-19.49840813725947 -19.700242436584446 -19.653259873321726
-19.030289227787772 -19.237780556602758 -19.1984326199921
-17.99934140780918 -18.169469567939466 -18.28411055405478
-17.98139076092696 -18.182756035248815 -18.270924856853103
-19.009181099542662 -19.181762011592525 -19.198994662281017
-18.52327671309545 -18.70738447025797 -18.78174389045448
-17.809470484948502 -17.99470506213647 -18.038672660288626
-19.10165096802627 -19.29905554078253 -19.332435673643023
-18.146120488985964 -18.32560512373438 -18.419164351934953
-17.198685581427235 -17.422355918111805 -17.44205817979071
-17.85802099761157 -18.077225855638734 -18.095256492093267
-18.498125558717756 -18.743034471267773 -18.748219217807655
-18.05240300417549 -18.252076404970918 -18.28238754666858
-17.93979021392689 -18.070117482025527 -18.154660491680428
-18.092980420975582 -18.286761414126453 -18.259220270094414
-17.64403911637022 -17.818375363528652 -17.884404252001364
-17.681942929899503 -17.896953512090693 -17.925245010051693
-17.29378418229022 -17.552116502517773 -17.48675007740702
-17.67045355861882 -17.87208146239498 -17.851143211965105
-17.20015038136036 -17.447934829074214 -17.470916274770246
-17.504274289415754 -17.680054394657475 -17.74433372186423
-17.198804047363478 -17.421727947611483 -17.437740214181865
-17.166705204266776 -17.39016680242891 -17.42125462198449
-17.67011452948064 -17.847311655132486 -17.949284938612866
-17.24647126678705 -17.478282318706913 -17.445575291229897
-17.398259815555207 -17.628358222142936 -17.662597936710224
-16.781656343690997 -16.986856587947006 -17.049274898136847
-16.76496256046834 -16.966492251454113 -17.050800601755455
-17.10805966994857 -17.282744506678156 -17.343698255088672
-16.488412673462953 -16.721581231823567 -16.7701223199221
-17.27130088613358 -17.51351577647027 -17.523328681433085
-16.71471670603385 -16.938258823984814 -17.00149190816162
-16.868471989104755 -17.054719897808056 -17.144205916140148
-16.73949707674482 -16.939486364309566 -16.967880713535685
-16.517902974558787 -16.724255733991274 -16.78392418823593
-16.24994562588531 -16.469124468171046 -16.507068018335367
-16.232641599546923 -16.43030032347318 -16.459130635006822
-16.90498561495451 -17.129706938684834 -17.160241229447873
-16.03295779562314 -16.246600544283176 -16.320762778889648
-16.238765913071425 -16.44794282333854 -16.510112974987436
-16.48653814827139 -16.6650893422151 -16.73992586875359
-16.13229330046654 -16.372792110418462 -16.390555445864447
-16.314738988931115 -16.505950257162862 -16.57625026363261
-15.942049354677662 -16.199159003392936 -16.19156499048679
-16.44076223568398 -16.594817234287483 -16.68850601082352
-16.058526656941492 -16.273176424157153 -16.34741000592332
-16.142164870949415 -16.37128624346995 -16.388595169128735
-16.200389894923205 -16.416415969342417 -16.48101943364984
-16.01075090662025 -16.24878066431495 -16.2921195164417
-15.910023732429643 -16.104059445349527 -16.18882643662945
-15.840305883528966 -16.041618350455085 -16.086107178435526
-16.86487581536547 -17.113436717403598 -17.128285591524268
-19.136527920930433 -19.313014788547502 -19.328592106503088
-15.423697303580932 -15.656601537254955 -15.72974474193172
-15.855481203194461 -16.072422565031236 -16.141624139548032
-15.755499398765853 -15.957029356621607 -16.029617160575818
-15.718140877281801 -15.928945295669969 -15.949442697488871
-15.431885590258615 -15.6469964286676 -15.695925165359348
-15.316181512364238 -15.507333896017341 -15.620183235882754
-15.547487848248121 -15.761732634774882 -15.8070085888139
-15.34241035158213 -15.557879735970486 -15.620237925626435
-15.379737425036685 -15.601662007553317 -15.657674457477743
-15.427750058374595 -15.648412465330138 -15.711615091901207
-15.12046477122606 -15.351847137885072 -15.401956013740307
-15.204921474846758 -15.44105092598826 -15.491342894035396
-15.254149069546175 -15.478320712213216 -15.540598159956563
-15.294062852147473 -15.532871363030482 -15.576670813738513
-15.185505369463762 -15.398549945639003 -15.458427240765007
-15.041330731876302 -15.297485298968656 -15.322622791095275
-15.170571750261415 -15.391191120139487 -15.446059365576536
-14.940542746433685 -15.185511111185912 -15.239205226207998
-15.072877143844089 -15.308174577061342 -15.356253337476666
-14.931186475344097 -15.164377431939357 -15.234567676173894
-15.100572839321117 -15.343427704922448 -15.393249126085943
-14.829258996756247 -15.07010254537376 -15.128930930499713
-14.882062188570675 -15.112819686422878 -15.17610223672638
-14.873845175986943 -15.117119338377854 -15.16307752369328
-14.991719211076228 -15.238955397895573 -15.30699877270606
-14.820650666383884 -15.054254968224903 -15.120456965061386
-14.743251813682173 -14.990587174507217 -15.028719968319214
-14.763633494483392 -15.006458734449053 -15.04913172319249
-14.672727531382279 -14.907930162948352 -14.977781239903432
-14.632342420280485 -14.879491514298794 -14.922299757009261
-14.317487562001231 -14.584732364652897 -14.64663694536186
-14.240483318173746 -14.51356973775447 -14.579181493663842
-14.203600973527568 -14.48275553034791 -14.548533922225014
-14.182368661243833 -14.463376276557788 -14.532941175150775
-14.169135996973873 -14.452305061968172 -14.52390839271611
-14.160401159173013 -14.445533078582777 -14.51748290875395
-14.15405578337235 -14.441035989336493 -14.512515116806075
-14.148982784377276 -14.437687234085523 -14.508392071052915
-14.143377300352714 -14.433411144172771 -14.504176894116169
-14.135043968202437 -14.42635978228673 -14.498518609096783
-14.128056559923078 -14.419638814930256 -14.495107932312608
-14.121266697402277 -14.412840639810426 -14.491486910360425
-14.11281194934455 -14.402996124044055 -14.485378346451393
-14.105525619047635 -14.392508595937905 -14.478882607203117
-14.101102553152256 -14.386980036218224 -14.475189366743251
-14.098573289902326 -14.384687365359758 -14.473513055984348
-14.096845404679492 -14.383530511161675 -14.472567764799326
-14.095368027988314 -14.382237018156237 -14.471888490136775
-14.094074769592986 -14.380858428310804 -14.471330234060884
-14.093145449791946 -14.380158719806927 -14.470669890463455
-14.092369668926832 -14.379550629779729 -14.470005339962665
-14.091638451358682 -14.378995238784468 -14.469404594162837
-14.090939304457843 -14.378435009155536 -14.46884521624605
-14.090308384815359 -14.377852058985889 -14.468312622280658
-14.089670428401597 -14.37721125558757 -14.467784094988513
-14.089013138010177 -14.376475678081915 -14.467193025066413
-14.088204156659593 -14.375733473751884 -14.466390628365522
-14.08715568496911 -14.37516724842471 -14.465337079534033
-14.086089084045986 -14.374774267220486 -14.464402445837521
-14.085269920967816 -14.374229500181764 -14.463687552726523
-14.084407073997394 -14.37351706396758 -14.463072222995047
-14.083421626530267 -14.372692392489768 -14.462432493224082
-14.082365856262669 -14.371768423834016 -14.461773271467548
-14.081228302671475 -14.370823838391319 -14.461077730112004
-14.08009257974938 -14.36985695315866 -14.46036101400955
-14.078930304019226 -14.368828112377477 -14.4595217367892
-14.077732952879456 -14.367796957467148 -14.458625666373493
-14.076485944073584 -14.366758860169378 -14.457674485523764
-14.075200018432533 -14.365583177375054 -14.456647019493108
-14.073888791393417 -14.364303043206053 -14.455555468301263
-14.07242799719914 -14.362907938893526 -14.454352293940264
-14.071059576867505 -14.361639270182572 -14.453065261972286
-14.06984621986093 -14.360619159979535 -14.451767712745907
-14.068742011131814 -14.359765561887388 -14.450543503868108
-14.067704567710969 -14.359027880627963 -14.449421662972071
-14.066726440948479 -14.358312183595434 -14.448373583114948
-14.065757800320661 -14.35767232688631 -14.447390289569572
-14.064812017204623 -14.35703215461412 -14.446463789219557
-14.063868377829266 -14.356390404526605 -14.445577815371912
-14.062961379002353 -14.355713942501884 -14.444675013910826
-14.06206623044968 -14.355015075499516 -14.44375748828798
-14.061158025344158 -14.354221960328253 -14.442735771691915
-14.06032115148452 -14.353443045494938 -14.441709567732266
-14.059659046494712 -14.352820018815974 -14.440837196205486
-14.05914101774819 -14.352322375861698 -14.44008402027391
-14.058648824308374 -14.351899310978565 -14.439417226091328
-14.058152970406699 -14.351530102191942 -14.438878602231117
-14.057680738183128 -14.351155844396272 -14.438356665754236
-14.057131333266788 -14.350856269859436 -14.437931908744973
-14.056603889807104 -14.3505411275447 -14.43750140230112
-14.056005091440422 -14.350242815260126 -14.437060518828977
-14.055296578682238 -14.34987171309511 -14.43653185130672
-14.054184428801516 -14.349416671154675 -14.435912314671883
-14.052800663799738 -14.348808055189036 -14.435214108944214
-14.051511183076416 -14.348177139433433 -14.434665108055714
-14.050226777661896 -14.347550115622306 -14.434036035773262
-14.048947017055365 -14.346513385764487 -14.433236163214389
-14.047640794122627 -14.345344645357605 -14.43237234572444
-14.046463477592372 -14.344227341730397 -14.431531385742748
-14.045434738394038 -14.3432169087947 -14.430790409830916
-14.044605187429879 -14.342310716858305 -14.430248280217906
-14.043959827278501 -14.341482153436019 -14.429834180697156
-14.043423137143375 -14.34083577509021 -14.42949019623241
-14.042967449953276 -14.34033055862236 -14.429140742793294
-14.042577104680214 -14.339928426089239 -14.428782735317347
-14.042200319854084 -14.339610864457669 -14.428411826671095
-14.041837766311263 -14.339317601182142 -14.428037552502154
-14.041476905414381 -14.339091342464185 -14.427688379523262
-14.041147390453672 -14.338878232207293 -14.42734762035109
-14.040807883930622 -14.33872097661299 -14.427022426721352
-14.04047401642049 -14.338572136033768 -14.4267087319608
-14.040147867691317 -14.338444753743 -14.426384800402067
-14.039812204127418 -14.33834040755601 -14.426078117147114
-14.039494937517274 -14.338274770438389 -14.425794010940193
-14.039123522230271 -14.338224911474041 -14.425511727724727
-14.038776834997506 -14.338204189499407 -14.425227761747918
-14.038391976911885 -14.338224911474041 -14.424958239472645
-14.038007266270055 -14.338270878493914 -14.4246878758167
-14.037634804855125 -14.33830201404971 -14.42439619718373
-14.037241773826622 -14.338349558884909 -14.42412541283745
