-28.641985433911678 -28.78556598814985 -28.655142406071572
-26.298975780103163 -26.480105600152907 -26.357927680210032
-25.94042825395531 -26.106559394113148 -25.99119261699633
-25.63336568896795 -25.821400157683485 -25.679726132366437
-25.425257528339586 -25.619349675076453 -25.451154749311787
-25.287190131350922 -25.52208405007645 -25.322538441195963
-25.185793603969582 -25.40504766341743 -25.241676517256323
-25.129762235463218 -25.329151137232415 -25.19032972127345
-25.073295706501796 -25.271779434250764 -25.139209940227364
-24.988261180374327 -25.19453961200306 -25.07162679700245
-24.90096690996575 -25.124141700114677 -24.998684906453914
-24.7314610814916 -24.93226777522936 -24.831571644320963
-24.69050247971375 -24.92537151185015 -24.791417481265295
-24.63182335416327 -24.88204857129205 -24.728288610063213
-24.424522119913146 -24.66470338780581 -24.49889798187704
-24.355960455828985 -24.561940940366974 -24.430848860623982
-24.244191754760642 -24.419300697629968 -24.305393237663132
-24.205142793793836 -24.39729190558104 -24.250142979582993
-24.193845028084734 -24.383915089831806 -24.235278678757137
-24.185879935216523 -24.403599842316513 -24.25039508564437
-24.16542054467053 -24.35714712347095 -24.196668217271615
-24.180683972842928 -24.403402737958714 -24.232471260705548
-24.18262132885133 -24.384266891246178 -24.2445552259635
-24.154586928875794 -24.36143384461009 -24.207676450346657
-24.158185763180967 -24.36225630733945 -24.227342316221453
-24.152835137263498 -24.379662413990825 -24.22601129180261
-24.148126420802072 -24.35571005351682 -24.200889500280383
-24.125104967327925 -24.33136228975535 -24.192732495157014
-24.1124308394328 -24.367074612958717 -24.188209322109504
-24.094348425267086 -24.349001935206424 -24.139476384074225
-24.084691271815366 -24.30822582186544 -24.133361318566475
-24.082525345070135 -24.297238747133026 -24.127432644269984
-24.054395694014026 -24.282590309633026 -24.120470056331566
-24.04827493603205 -24.260819834671253 -24.10069705533748
-24.04433396239398 -24.270071793769112 -24.092408222242046
-24.029749556556844 -24.264113269304282 -24.07646420651509
-24.01392178962445 -24.251333142201833 -24.0563901120259
-24.001139986594765 -24.215334121750764 -24.05406858559339
-23.983477441740742 -24.2152690175841 -24.048380865747347
-23.981421420088484 -24.230048857989296 -24.04532930707076
-23.99275550226309 -24.2115891389526 -24.0325969552916
-23.971078554426278 -24.22041344132263 -24.039201496864806
-23.98599888756932 -24.20631152045107 -24.049738574378058
-23.9711835217542 -24.2100248470948 -24.026559154516722
-23.970037800980673 -24.20727733180428 -24.023815858227977
-23.969565846211875 -24.215242139717127 -24.022989045931894
-23.955288378221333 -24.203595661314985 -24.016440262413337
-23.956523297331184 -24.21009652140673 -24.014602636240824
-23.96330746793957 -24.19263546444954 -24.013966596146002
-23.94836499449519 -24.171685063073394 -24.00697334127753
-23.931959827617845 -24.16364380256116 -23.99202420855424
-23.92995875851207 -24.16230229835627 -23.983026053349306
-23.92592587873104 -24.153729453363916 -23.98100522214009
-23.927211609036046 -24.155079319571865 -23.987129447899672
-23.921127326802317 -24.130724985665136 -23.971653003288132
-23.91582416714239 -24.128623733753823 -23.963543790783035
-23.903220442219865 -24.125692254396025 -23.954632857106443
-23.902997446379057 -24.10682040806575 -23.94402130276305
-23.903610047810307 -24.12370747324159 -23.95982074581974
-23.909169971252652 -24.115660837155964 -23.96412526763866
-23.903450287218643 -24.124790352637614 -23.96340399737459
-23.897960607466157 -24.128266556766054 -23.952284248190253
-23.897053970090525 -24.11016102828746 -23.941574718979403
-23.899591981324416 -24.105478306574923 -23.956499955393557
-23.89388312851696 -24.109893444189602 -23.93316043026101
-23.896597625030584 -24.124845900229356 -23.952521219922513
-23.886458322714486 -24.12592579319572 -23.944818244672717
-23.884040888517372 -24.10686460722477 -23.94638942699837
-23.881743872074296 -24.115696674311927 -23.94001906925469
-23.876386715564344 -24.104146358944956 -23.929693474077283
-23.876341638547952 -24.09581302561162 -23.93008298391619
-23.87068662330778 -24.091250955657493 -23.91945908314641
-23.870621317382973 -24.08426091838685 -23.919498910328304
-23.853561179864624 -24.07971019686544 -23.903742480628058
-23.841052546739927 -24.07087036506116 -23.8961812901458
-23.839685900801257 -24.07101670011468 -23.890604289865415
-23.833954429844233 -24.060655581039754 -23.887661459395392
-23.82750124877671 -24.0544903956422 -23.883573597445963
-23.82735056730142 -24.055087681574925 -23.880767772481647
-23.821536428600556 -24.040828077217125 -23.877668022914968
-23.824221617089382 -24.048430332568806 -23.887119809721657
-23.81493129179579 -24.055785908830273 -23.87809935129486
-23.815933976665715 -24.045368644877676 -23.870892224459624
-23.814760381412086 -24.039495532301224 -23.870059836358074
-23.81436281168447 -24.041663680237004 -23.875072883742863
-23.811139406805577 -24.043573800649845 -23.870226712250204
-23.812510990509296 -24.04322319380734 -23.86969143492557
-23.808603784812835 -24.03661780867737 -23.862657954603385
-23.80763996493231 -24.03484864774465 -23.86499700499592
-23.803835815170853 -24.033460555237003 -23.86137990033646
-23.80572108572215 -24.029439626337922 -23.86115806293332
-23.80513492522631 -24.029747825879205 -23.864703876937195
-23.80218453096966 -24.029189960818044 -23.86480862242557
-23.801437176337465 -24.02782874617737 -23.862040235012234
-23.801948155378405 -24.029160693807338 -23.86020380365518
-23.801468077189693 -24.026910717698776 -23.858614300825856
-23.800531176092807 -24.029780079319572 -23.857978659002853
-23.800057309931088 -24.031832353784402 -23.859717513764274
-23.798098928600556 -24.033873877102447 -23.85993019091558
-23.796675737287963 -24.02541690558104 -23.855622084650285
-23.633960450731937 -23.87769495412844 -23.704933154057912
-23.62014681409028 -23.867815844801225 -23.69893796836766
-23.61341345467705 -23.863984852828747 -23.697080826876018
-23.608910531520145 -23.862250931766056 -23.695584121380506
-23.60609935038126 -23.86175398987003 -23.69451077882851
-23.604275403686184 -23.861721736429665 -23.693860799220026
-23.60293918075151 -23.8617826595948 -23.69341035379282
-23.601870712108546 -23.861931383792047 -23.693068238300366
-23.600988604275404 -23.862120126146788 -23.692872288565457
-23.600235037616212 -23.862374569954127 -23.692769932707993
