-62.52874167633731 -65.41904472305389 -61.4387888642132
-59.40554628785367 -62.48291697854292 -58.26674201565144
-56.81428820595712 -60.05073836701597 -55.559671108291035
-55.498008883178606 -58.6851063498004 -54.354867280033844
-54.624297151304155 -58.138106599301395 -53.588693686548226
-54.00289903500774 -57.58744230289421 -53.1666699714467
-53.985815667136386 -57.60447854291417 -53.16562566095601
-53.63966959203692 -57.26235809630739 -52.78509015439932
-53.54329038530614 -57.19093453717565 -52.71503212246193
-53.366755343031606 -57.142862712075846 -52.63366513324873
-53.1528980852122 -56.8021652008483 -52.306990931683586
-53.091285712312114 -56.79319486027944 -52.25815619712352
-53.009466007681254 -56.65475689246507 -52.31227197017766
-52.76757942017573 -56.497875343063875 -52.21604668993232
-52.568052850077365 -56.322253929640716 -51.840924413071065
-52.55503719744695 -56.39133062000998 -51.93572863790186
-52.45660772753647 -56.39986043537924 -51.88107088092217
-52.32798209894452 -56.24755956836327 -51.848736913071065
-52.1858680785809 -56.150924713073856 -51.78824291455161
-52.247575862759724 -56.22588806761477 -51.76924042935702
-52.083658854166664 -56.139884293912175 -51.680695457910325
-52.054966394507076 -56.112131206337324 -51.74380353743655
-51.896235269534706 -56.02593250998004 -51.5813769035533
-51.954038962339745 -56.07444875873254 -51.595121483714045
-51.8579351963141 -56.00158667040918 -51.646930520304565
-51.770345483808576 -55.93305576347306 -51.65140849725042
-51.63743800425508 -55.8626497005988 -51.47206799915398
-51.660906156747345 -55.87312484406188 -51.580924148688666
-51.56649950265252 -55.84806168912176 -51.4771970177665
-51.4848693254034 -55.66163766217565 -51.327906884517766
-51.62075009670645 -55.89123315868263 -51.537069717639596
-51.37454409814324 -55.75279519086826 -51.44020991962775
-51.467645215102785 -55.78029098053892 -51.32814813346024
-51.34754788696397 -55.840151727794414 -51.38297773900169
-51.28534059667882 -55.72709268962076 -51.28327583016075
-51.18630973350464 -55.74474878368263 -51.35529690143824
-51.36194894589965 -55.85476702844311 -51.334219014382406
-51.13878369183797 -55.640293631487026 -51.191779690143825
-51.15268006396441 -55.67629584580838 -51.314962061125215
-51.135778452420425 -55.63847695234531 -51.19493245029611
-51.04622698041003 -55.55251606162675 -51.234226284898476
-51.03536002431476 -55.62965865144711 -51.19240098879018
-50.95672602025309 -55.61503945234531 -51.2146586823181
-50.86727168642241 -55.551362119510976 -51.09499590207276
-50.9128307878813 -55.57844467315369 -51.186422641708965
-50.861219330238725 -55.58991002370259 -51.126758142978005
-50.7860697806145 -55.48741579341317 -51.14658021362098
-50.77944625193413 -55.53412315993014 -51.11137439192047
-50.70014091511936 -55.44232628493014 -51.06333610934856
-50.69259824339633 -55.49320889471058 -51.09519749365482
-50.6302230119916 -55.47471073478044 -51.02107127749577
-50.600774601431254 -55.42799946981038 -50.96145304568528
-50.56784950748784 -55.40821092190619 -50.97984084179357
-50.57104082048519 -55.45269617015968 -51.01671227263113
-50.525374651166004 -55.39479634481038 -51.02568805520305
-50.5244140625 -55.39972398952096 -50.967963462351946
-50.48647966056034 -55.36593609655689 -51.00851311336717
-50.40542367788461 -55.39864411801397 -50.984365085659896
-50.357695157078915 -55.389677675898206 -50.895317787648054
-50.3699501098309 -55.40167711452096 -50.90470336294416
-50.37726310372458 -55.38129210329341 -50.90752564509306
-50.37674114790561 -55.419886788922156 -50.979183190566836
-50.29263114085986 -55.37340943113772 -50.88750859242809
-50.27859618493037 -55.35426022954092 -50.894878251903556
-50.263009176751765 -55.33003914046906 -50.895638351311334
-50.26303767061781 -55.33873269086826 -50.89078693422166
-50.24303713527851 -55.30573618388224 -50.90254534158206
-50.184520232371796 -55.28955370508982 -50.87384332698816
-50.199618959300395 -55.27472398952096 -50.84454645198816
-50.15334103531167 -55.242815150948104 -50.86717097609983
-50.13670061753979 -55.31219592065868 -50.895020357445006
-50.11106304570071 -55.294021332335326 -50.81602620029611
-50.075588182471265 -55.259824101796404 -50.803081376903556
-50.075685752376216 -55.25838557260479 -50.81457209708122
-50.08089969813771 -55.22457818737525 -50.794065936971236
-50.07486633786472 -55.19070842689621 -50.7923540609137
-50.01993577655283 -55.179332740768466 -50.771203468697124
-50.018570661333996 -55.202119199101794 -50.774283523688666
-50.00382033667661 -55.206177488772454 -50.74633499894247
-49.9666267752542 -55.189722118263475 -50.748198894881554
-49.96131180578581 -55.18196809505988 -50.70553418464467
-49.92405780282935 -55.17856864396207 -50.70806234137056
-49.91163620413351 -55.16113866017964 -50.71883592428088
-49.907519703940096 -55.17001543787425 -50.75399878384095
-49.895418877099914 -55.1667056511976 -50.751619342216586
-49.86514673477564 -55.15968453717565 -50.75396904082064
-49.867645992208224 -55.15966894336327 -50.74667869606599
-49.85383251132847 -55.153700411676645 -50.74136130499154
-49.84065453000663 -55.1467377744511 -50.71947374682741
-49.831328833029396 -55.132161458333336 -50.72542896044839
-49.810583139920425 -55.123331462075846 -50.7107326036379
-49.798071742374006 -55.13062936626746 -50.716420130076145
-49.7903792619916 -55.140827719560875 -50.726116354695435
-49.77369653514589 -55.135081399700596 -50.72625185067682
-49.76558571300287 -55.13966987899202 -50.715699688028764
-49.77005277409372 -55.12073509231537 -50.70683296319797
-49.74971549306476 -55.132929453592816 -50.707678986886634
-49.741048608808576 -55.12173309630739 -50.70828706641286
-49.7288998604664 -55.1270155002495 -50.7141894035533
-49.73006120137047 -55.121545970558884 -50.69390466370558
-49.10001821880526 -54.919204559630735 -50.48857868020305
-48.995369315042 -55.011009231536924 -50.5711816571489
-48.93899117898983 -55.07695936252495 -50.62833452305414
-48.90045883758842 -55.124321669161674 -50.66803815038071
-48.871215496518566 -55.15981318612774 -50.69712682423858
