-10.702383550648507 -11.077103564818755 -11.066083018446575
-10.648842218939986 -11.002720281654186 -11.021873737203665
-10.66130664957494 -11.017059263848706 -11.01770623236516
-10.64636725041542 -11.035923739044417 -11.03754265814641
-10.635480578984904 -10.984396605365044 -11.023473168457917
-10.637416490857946 -10.992273256679715 -11.018723946517696
-10.631442959817782 -10.994680094345643 -11.012921397352825
-10.63148788674374 -10.988382629020592 -11.019887768421762
-10.645692438240099 -11.011853368043738 -11.042300963358525
-10.613271015167756 -10.989575577561267 -11.005885683257004
-10.60542205080872 -10.96310169279697 -10.982229907802575
-10.604216777468695 -10.993521381998809 -10.998648087904805
-10.607304905488634 -10.997787943009701 -10.997574046389378
-10.610304353782439 -11.007759649953199 -10.994256935188861
-10.59335589249864 -10.964288325923247 -10.971341778708457
-10.597126231901626 -10.983420375255276 -10.989537898511939
-10.593423659493954 -10.98873961612917 -10.994836215315194
-10.59452771433068 -10.971211017273655 -10.969983054159341
-10.588786881727518 -10.976994939691117 -10.971903889235481
-10.587390779718763 -10.966039357662526 -10.97165276999915
-10.56608527059656 -10.936783034270762 -10.955492023114934
-10.59198854549476 -10.972083874021443 -10.989700843547952
-10.579533928779037 -10.972251066307862 -10.975126623025607
-10.577491968979686 -10.94865501616746 -10.978077966375057
-10.577359137693673 -10.956238831688223 -10.971880184111274
-10.57098128647322 -10.944056729705583 -10.953130427808814
-10.577594007155698 -10.954724461793738 -10.959872707913878
-10.568384098101266 -10.933200199965963 -10.961454748025607
-10.567849516419685 -10.937386987321307 -10.949087707187216
-10.569382038551733 -10.938118578220728 -10.975442820581897
-10.573029847960903 -10.944582238661505 -10.963601557182963
-10.568278537547922 -10.91953663472175 -10.944738813839894
-10.559018805684577 -10.934489209283527 -10.939011644754565
-10.565637352689306 -10.943399261827773 -10.948815596731086
-10.552094875211255 -10.936753119149932 -10.949109363036666
-10.560525629969431 -10.93225720887934 -10.94219012528712
-10.545370103053685 -10.918462017103472 -10.942099458725613
-10.54930517451851 -10.916401197668481 -10.939066864401372
-10.555672990286569 -10.916538807224303 -10.944115391227598
-10.551657967502326 -10.909291038227536 -10.928273445032469
-10.549917403574588 -10.925164333730429 -10.94402998631749
-10.542781554475182 -10.917156055884105 -10.927080877896014
-10.537137686938546 -10.910203117022634 -10.9319819123256
-10.547704508784765 -10.914577704858747 -10.941913140880217
-10.541406254430663 -10.911161065669674 -10.931648988256438
-10.537593026206842 -10.909744750893465 -10.93205435695752
-10.53978394490665 -10.90102349600068 -10.943091640022402
-10.53098469188104 -10.897535060521614 -10.927099487526231
-10.532928025115126 -10.902053240937713 -10.926916880529719
-10.529117942662255 -10.900501975727536 -10.90913216647998
-10.53126147541797 -10.903256825965792 -10.921283867311564
-10.529649467186154 -10.8969842899081 -10.91970293491592
-10.52594773660451 -10.898441488682778 -10.922838879150834
-10.526728286559706 -10.89694540025102 -10.914817463897318
-10.516248017721235 -10.877680727216644 -10.899030903506409
-10.518332644808256 -10.885934309053779 -10.901118948325488
-10.513007053970442 -10.884729394464772 -10.90662695578352
-10.510931576203156 -10.87548828125 -10.893331316551583
-10.511287469233475 -10.874855077859088 -10.897093175759982
-10.51228381464515 -10.883397174417121 -10.904119529654889
-10.507535849382968 -10.880708469834921 -10.898967486760577
-10.51187366814261 -10.869785794439244 -10.893673046963617
-10.508329159648495 -10.870122505743703 -10.889998863483298
-10.502451884768726 -10.861605670843261 -10.88796005664417
-10.501386044403045 -10.868869726961368 -10.880749323407017
-10.504302816519498 -10.87024781686096 -10.885148950151004
-10.499233561707443 -10.866780654356706 -10.886742288966794
-10.500684736861134 -10.863244022294078 -10.88460207072014
-10.497495678331008 -10.866205286866066 -10.882722498068143
-10.494354626037838 -10.864943533547482 -10.884731728887818
-10.49742702520303 -10.8628225514806 -10.879593532444561
-10.495080457301166 -10.855098134891934 -10.87743863695979
-10.489048507965268 -10.855564145996427 -10.87593258617145
-10.49028100773133 -10.862076335410993 -10.874312939098656
-10.490566187375233 -10.856183056607385 -10.872977476587312
-10.488699260929915 -10.857248699689414 -10.871716507982645
-10.48878435181877 -10.856168431437203 -10.877169738880303
-10.489255131948697 -10.848439693775527 -10.872449040629254
-10.486705573207319 -10.854629132275358 -10.87699959368974
-10.48856323956632 -10.852241905633084 -10.876680959158065
-10.48918827323936 -10.854108609172906 -10.8728932901649
-10.487025489251565 -10.84710149070371 -10.86463753757373
-10.484540440967969 -10.850745484811096 -10.868606096603477
-10.485816427694411 -10.849835732747618 -10.868104024288225
-10.485649790447349 -10.851949402229408 -10.86994576843594
-10.48339927932603 -10.85385499542631 -10.870138012562387
-10.481702246665305 -10.853635617873554 -10.86912262461363
-10.48028330458719 -10.849990958985705 -10.868281369633337
-10.480199941657025 -10.846219991809905 -10.861831415802943
-10.480177456040732 -10.84359178224983 -10.862912491315505
-10.480867886304218 -10.845348132232811 -10.862738302961235
-10.479142298018466 -10.845005770294417 -10.861776029998724
-10.478162722667415 -10.844224985640743 -10.860369507500566
-10.47757036513628 -10.847351115767529 -10.865011391752212
-10.47645492349485 -10.843421266061096 -10.861865699615755
-10.475881130442982 -10.843458161376788 -10.8610787227236
-10.47675654089963 -10.84555654090793 -10.864278360633365
-10.475870740537522 -10.84311280792631 -10.86130923844076
-10.476106518285524 -10.845311901697583 -10.862513436596103
-10.474886645909896 -10.842532454582198 -10.860381692377496
-10.455106592011763 -10.843425587134105 -10.862936639526145
-10.44860691970362 -10.847285967282165 -10.866361476115868
-10.444318192693446 -10.849281970622021 -10.867716157501276
-10.44113369774653 -10.85024224600068 -10.868114879905853
-10.43860164012522 -10.850745817201327 -10.868184278318541
